1	1	1.0
1	2	0.214992216298
1	3	0.252350893209
1	4	0.291468687065
1	5	0.297904203259
1	6	0.0986570700824
1	7	0.428319990065
1	8	0.236092081682
1	9	0.206347886158
1	10	0.171782779076
1	11	0.267430999259
1	12	0.125859608925
1	13	0.266220417506
1	14	0.253536739086
1	15	0.411723442368
1	16	0.399419219441
1	17	0.0974563218184
1	18	0.492856603368
1	19	0.309897180102
1	20	0.216702093412
2	1	0.214992216298
2	2	1.0
2	3	0.447147129143
2	4	0.367478966602
2	5	0.417213468502
2	6	0.405138874692
2	7	0.423303985632
2	8	0.281921742313
2	9	0.318110907774
2	10	0.365543398221
2	11	0.347979618642
2	12	0.226685293562
2	13	0.214026293441
2	14	0.575540053237
2	15	0.407252290251
2	16	0.276974147407
2	17	0.14397554215
2	18	0.27235706125
2	19	0.227620652159
2	20	0.322618026598
3	1	0.252350893209
3	2	0.447147129143
3	3	1.0
3	4	0.448134401044
3	5	0.411407400474
3	6	0.500207813216
3	7	0.43770031979
3	8	0.186681921063
3	9	0.271937821328
3	10	0.366285141179
3	11	0.345302870568
3	12	0.0974126724111
3	13	0.17124809136
3	14	0.26730093431
3	15	0.292662438881
3	16	0.185773299671
3	17	0.224759291534
3	18	0.324758235819
3	19	0.201048784284
3	20	0.426246462712
4	1	0.291468687065
4	2	0.367478966602
4	3	0.448134401044
4	4	1.0
4	5	0.370094504895
4	6	0.409238737228
4	7	0.419434309965
4	8	0.25219009405
4	9	0.329808517333
4	10	0.318671611026
4	11	0.388922222374
4	12	0.113591956563
4	13	0.232575468501
4	14	0.243138645803
4	15	0.481516004844
4	16	0.250332446094
4	17	0.260253528941
4	18	0.382914731248
4	19	0.166692401503
4	20	0.291968404201
5	1	0.297904203259
5	2	0.417213468502
5	3	0.411407400474
5	4	0.370094504895
5	5	1.0
5	6	0.425028364196
5	7	0.240826473457
5	8	0.355156538249
5	9	0.211446729418
5	10	0.257897098728
5	11	0.430792312552
5	12	0.330592121839
5	13	0.387501122524
5	14	0.257506245629
5	15	0.430825079685
5	16	0.362704471602
5	17	0.215719364719
5	18	0.272501951133
5	19	0.377838989703
5	20	0.415972239862
6	1	0.0986570700824
6	2	0.405138874692
6	3	0.500207813216
6	4	0.409238737228
6	5	0.425028364196
6	6	1.0
6	7	0.473229138221
6	8	0.171152601222
6	9	0.206722867434
6	10	0.397416851459
6	11	0.447032465396
6	12	0.176714102442
6	13	0.15498678849
6	14	0.245701537232
6	15	0.26766134528
6	16	0.16946633909
6	17	0.147334945946
6	18	0.111094253207
6	19	0.204654144989
6	20	0.298297799158
7	1	0.428319990065
7	2	0.423303985632
7	3	0.43770031979
7	4	0.419434309965
7	5	0.240826473457
7	6	0.473229138221
7	7	1.0
7	8	0.178810220721
7	9	0.281319180147
7	10	0.404114326048
7	11	0.330742699402
7	12	0.0807642443045
7	13	0.13018909004
7	14	0.245796220073
7	15	0.319572534018
7	16	0.259804519068
7	17	0.0738109736289
7	18	0.326617575349
7	19	0.144127347975
7	20	0.249042422441
8	1	0.236092081682
8	2	0.281921742313
8	3	0.186681921063
8	4	0.25219009405
8	5	0.355156538249
8	6	0.171152601222
8	7	0.178810220721
8	8	1.0
8	9	0.178091925319
8	10	0.178807678716
8	11	0.191381157748
8	12	0.108898650252
8	13	0.150122084324
8	14	0.263243869051
8	15	0.383328931258
8	16	0.194660526144
8	17	0.0426908602932
8	18	0.212683984882
8	19	0.199876905998
8	20	0.258632776669
9	1	0.206347886158
9	2	0.318110907774
9	3	0.271937821328
9	4	0.329808517333
9	5	0.211446729418
9	6	0.206722867434
9	7	0.281319180147
9	8	0.178091925319
9	9	1.0
9	10	0.362836260348
9	11	0.164707039352
9	12	0.188040269172
9	13	0.216926232892
9	14	0.280514062654
9	15	0.390883384122
9	16	0.141780090639
9	17	0.183786172153
9	18	0.232361089725
9	19	0.239247294221
9	20	0.281468871747
10	1	0.171782779076
10	2	0.365543398221
10	3	0.366285141179
10	4	0.318671611026
10	5	0.257897098728
10	6	0.397416851459
10	7	0.404114326048
10	8	0.178807678716
10	9	0.362836260348
10	10	1.0
10	11	0.357333001247
10	12	0.197790710021
10	13	0.161918823808
10	14	0.429845509685
10	15	0.264972581105
10	16	0.247864394089
10	17	0.184062617152
10	18	0.309501663315
10	19	0.141399528556
10	20	0.362777372546
11	1	0.267430999259
11	2	0.347979618642
11	3	0.345302870568
11	4	0.388922222374
11	5	0.430792312552
11	6	0.447032465396
11	7	0.330742699402
11	8	0.191381157748
11	9	0.164707039352
11	10	0.357333001247
11	11	1.0
11	12	0.286546063334
11	13	0.378951329057
11	14	0.251840072381
11	15	0.358181215182
11	16	0.45007597737
11	17	0.467913221917
11	18	0.295048886171
11	19	0.360879633535
11	20	0.335057089325
12	1	0.125859608925
12	2	0.226685293562
12	3	0.0974126724111
12	4	0.113591956563
12	5	0.330592121839
12	6	0.176714102442
12	7	0.0807642443045
12	8	0.108898650252
12	9	0.188040269172
12	10	0.197790710021
12	11	0.286546063334
12	12	1.0
12	13	0.148290765464
12	14	0.213860952245
12	15	0.326393798633
12	16	0.259431590411
12	17	0.112380536324
12	18	0.0708630372398
12	19	0.229858239791
12	20	0.201179907053
13	1	0.266220417506
13	2	0.214026293441
13	3	0.17124809136
13	4	0.232575468501
13	5	0.387501122524
13	6	0.15498678849
13	7	0.13018909004
13	8	0.150122084324
13	9	0.216926232892
13	10	0.161918823808
13	11	0.378951329057
13	12	0.148290765464
13	13	1.0
13	14	0.119489190959
13	15	0.232580127621
13	16	0.442904575433
13	17	0.229650682775
13	18	0.290347648469
13	19	0.363831466255
13	20	0.226476401992
14	1	0.253536739086
14	2	0.575540053237
14	3	0.26730093431
14	4	0.243138645803
14	5	0.257506245629
14	6	0.245701537232
14	7	0.245796220073
14	8	0.263243869051
14	9	0.280514062654
14	10	0.429845509685
14	11	0.251840072381
14	12	0.213860952245
14	13	0.119489190959
14	14	1.0
14	15	0.426442913207
14	16	0.2613047983
14	17	0.13617144588
14	18	0.285498795633
14	19	0.218533794753
14	20	0.272344505173
15	1	0.411723442368
15	2	0.407252290251
15	3	0.292662438881
15	4	0.481516004844
15	5	0.430825079685
15	6	0.26766134528
15	7	0.319572534018
15	8	0.383328931258
15	9	0.390883384122
15	10	0.264972581105
15	11	0.358181215182
15	12	0.326393798633
15	13	0.232580127621
15	14	0.426442913207
15	15	1.0
15	16	0.457755823468
15	17	0.131861783973
15	18	0.336140138909
15	19	0.25324525937
15	20	0.294990291518
16	1	0.399419219441
16	2	0.276974147407
16	3	0.185773299671
16	4	0.250332446094
16	5	0.362704471602
16	6	0.16946633909
16	7	0.259804519068
16	8	0.194660526144
16	9	0.141780090639
16	10	0.247864394089
16	11	0.45007597737
16	12	0.259431590411
16	13	0.442904575433
16	14	0.2613047983
16	15	0.457755823468
16	16	1.0
16	17	0.20088453143
16	18	0.507957133937
16	19	0.350451429969
16	20	0.216313270583
17	1	0.0974563218184
17	2	0.14397554215
17	3	0.224759291534
17	4	0.260253528941
17	5	0.215719364719
17	6	0.147334945946
17	7	0.0738109736289
17	8	0.0426908602932
17	9	0.183786172153
17	10	0.184062617152
17	11	0.467913221917
17	12	0.112380536324
17	13	0.229650682775
17	14	0.13617144588
17	15	0.131861783973
17	16	0.20088453143
17	17	1.0
17	18	0.219484265722
17	19	0.267733076186
17	20	0.280401767323
18	1	0.492856603368
18	2	0.27235706125
18	3	0.324758235819
18	4	0.382914731248
18	5	0.272501951133
18	6	0.111094253207
18	7	0.326617575349
18	8	0.212683984882
18	9	0.232361089725
18	10	0.309501663315
18	11	0.295048886171
18	12	0.0708630372398
18	13	0.290347648469
18	14	0.285498795633
18	15	0.336140138909
18	16	0.507957133937
18	17	0.219484265722
18	18	1.0
18	19	0.210763680445
18	20	0.236341539202
19	1	0.309897180102
19	2	0.227620652159
19	3	0.201048784284
19	4	0.166692401503
19	5	0.377838989703
19	6	0.204654144989
19	7	0.144127347975
19	8	0.199876905998
19	9	0.239247294221
19	10	0.141399528556
19	11	0.360879633535
19	12	0.229858239791
19	13	0.363831466255
19	14	0.218533794753
19	15	0.25324525937
19	16	0.350451429969
19	17	0.267733076186
19	18	0.210763680445
19	19	1.0
19	20	0.378659900638
20	1	0.216702093412
20	2	0.322618026598
20	3	0.426246462712
20	4	0.291968404201
20	5	0.415972239862
20	6	0.298297799158
20	7	0.249042422441
20	8	0.258632776669
20	9	0.281468871747
20	10	0.362777372546
20	11	0.335057089325
20	12	0.201179907053
20	13	0.226476401992
20	14	0.272344505173
20	15	0.294990291518
20	16	0.216313270583
20	17	0.280401767323
20	18	0.236341539202
20	19	0.378659900638
20	20	1.0
