65	65	
65	22	0.118845381197934
65	10	0.396997788959682
65	49	0.233557601657075
65	26	4.3167239183455e-05
65	19	0.000126329679927682
65	1	0.0247632648479266
65	47	0.269870314287319
65	36	0.307580896352343
65	9	0.00229229073369177
65	52	8.76306687111476e-05
65	60	0.00988924298367313
65	16	0
65	11	0.0341950891338418
65	20	0
65	12	1.57861124047133e-05
65	38	4.03516736436496e-05
65	58	0.0458835117403283
65	8	0.106822116951731
65	57	0.0604746636732474
65	33	0.0129296004194013
65	35	0.00921772134952142
65	17	0
65	63	0.259027561012243
65	15	0.0569969102090964
65	39	0.0284891177436838
65	61	0.0185826027456452
65	4	0.000118556214650349
65	7	6.99233372188789e-05
65	27	0.00466167086937741
65	42	0.000538911991496882
65	40	0.424858714961267
65	53	0.0319421387670558
65	44	0.00928620882477356
65	54	0.0374415727969564
65	31	0.00716074496595343
65	66	7.26108387255532e-07
65	64	0.0519251717258402
65	2	0.000118556214650349
65	5	0.468069712688548
65	55	0.174102770378129
65	32	0.00345579626278426
65	34	0.0365100026630378
65	25	0.0298625544540199
65	48	0.224555442108251
65	46	0.288082590123845
65	45	4.14988391101436e-05
65	21	0.00891844836871806
65	18	0.00819451638425681
65	43	0.297623275891573
65	29	0.000591387844644682
65	6	0.256094921148868
65	28	0.00116680324126093
65	24	0.0302240505993081
65	3	0.000118556214650349
65	51	0.0564564087151689
65	37	0.317332652528683
65	41	0.00628602029043869
65	56	0.0258854725548832
65	14	0
65	30	7.37025359537425e-05
65	50	0.000236168772033317
65	13	0.0369468279737698
65	59	0.28672199336756
65	23	4.8820267117341e-05
65	62	0.0241578289800487
22	65	0.118845381197934
22	22	
22	10	6.99111113943028e-05
22	49	7.38479699801484e-07
22	26	6.04642025556436e-05
22	19	0.226334197169606
22	1	0
22	47	4.40070585334591e-05
22	36	2.05615954955951e-06
22	9	0.0493485125915099
22	52	5.6364747655393e-05
22	60	2.97359642409824e-05
22	16	0
22	11	0.000122008074771705
22	20	0
22	12	0
22	38	5.65204496465455e-05
22	58	0.144176076680793
22	8	0.149591792480592
22	57	1.42129099281578e-06
22	33	0.264557765701198
22	35	0.0341717327243364
22	17	0
22	63	2.15461678651807e-06
22	15	0.114858900665617
22	39	0.279787707073218
22	61	4.67249505077078e-05
22	4	0
22	7	9.88126175459543e-05
22	27	0.136755130385438
22	42	0.0567272217490937
22	40	0.397027883509273
22	53	0.211929006520855
22	44	7.24264047425877e-05
22	54	6.75032021905032e-05
22	31	0.000796366246124706
22	66	2.03411501105206e-06
22	64	0.157296326144558
22	2	0
22	5	0
22	55	7.76497143022847e-05
22	32	0.0747489668886078
22	34	0
22	25	0.0807062029225647
22	48	3.95441006575006e-05
22	46	0.000942823853892801
22	45	2.66923855407877e-05
22	21	3.47476521741604e-05
22	18	4.21291223167653e-05
22	43	5.33520718299597e-05
22	29	2.7836050801915e-06
22	6	0.0345301365875505
22	28	0
22	24	2.1278476735803e-06
22	3	0
22	51	0.000784220564131636
22	37	0
22	41	0.0474820386574029
22	56	1.13661820335519e-06
22	14	0
22	30	7.76725636359402e-05
22	50	5.37407616838067e-05
22	13	2.26336148281053e-06
22	59	5.0491599134704e-05
22	23	0
22	62	4.3485947965832e-05
10	65	0.396997788959682
10	22	6.99111113943028e-05
10	10	
10	49	0.43484946187593
10	26	0.0549451076875714
10	19	0.0477240665084573
10	1	7.19915782863538e-05
10	47	0.518159707473891
10	36	0.423001035575582
10	9	0.0319691247817996
10	52	0.0493583790058299
10	60	0.000121242144957454
10	16	0
10	11	0.140442645142819
10	20	0.0837323232894104
10	12	0.025757427111877
10	38	6.86815282279745e-05
10	58	0.0494460689096983
10	8	0.0534433450239246
10	57	0.0716090992852639
10	33	0.000172892333028258
10	35	0.0832593857937856
10	17	0
10	63	0.386722429329955
10	15	6.50249677435166e-05
10	39	0.142808613491043
10	61	0.000197648998482084
10	4	0.000201791431875125
10	7	0.137869627942722
10	27	0.0530395145762596
10	42	0.0542035530348682
10	40	0.454267020515392
10	53	0.13138399134442
10	44	8.49596674787027e-05
10	54	0.0600549248532362
10	31	0.000153712142703795
10	66	0
10	64	0.0483577658891651
10	2	0.000201791431875125
10	5	0.50021354049779
10	55	0.306587048497771
10	32	0.19688760498709
10	34	0.147374461465237
10	25	0.0818097302714907
10	48	0.382209944303768
10	46	0.529820627326038
10	45	0.0599406412144712
10	21	9.2827026134582e-05
10	18	0.0368923001165058
10	43	0.506576221321678
10	29	0.0467489190146989
10	6	0.517455707451667
10	28	0.000148293640979786
10	24	0.0357953176481298
10	3	0.000201791431875125
10	51	0.0899911372864711
10	37	0.612353269501395
10	41	9.71990063368101e-05
10	56	0.147121579280761
10	14	0.0533658323564017
10	30	0.0703426395077488
10	50	0.0160742626508016
10	13	0.0570176262145737
10	59	0.559518283003874
10	23	0.0251486264920428
10	62	0.000116171049718092
49	65	0.233557601657075
49	22	7.38479699801484e-07
49	10	0.43484946187593
49	49	
49	26	0.308242632422725
49	19	0.0855168252201445
49	1	0.121978226515829
49	47	0.451002632763748
49	36	0.237448392869117
49	9	0.0187895295081978
49	52	0.109721898647499
49	60	0.13632576057662
49	16	0.0302079789283343
49	11	0.0321923589864552
49	20	0.391425134553922
49	12	0.0358952618838559
49	38	0.130860304751302
49	58	2.72435436763278e-05
49	8	0.000199515127865903
49	57	0.168677707282229
49	33	0.000137544046055166
49	35	0.0245184306547054
49	17	0
49	63	0.405667137678868
49	15	4.24755577167751e-05
49	39	0.139255407341183
49	61	0.160785999257123
49	4	0
49	7	0.103499266342511
49	27	0.0622570141670669
49	42	0.0609590689290756
49	40	0.267313788996789
49	53	0.209177916502146
49	44	0.244784096299934
49	54	0.20440864545939
49	31	0.0761693655468441
49	66	0.000177711979136219
49	64	0.0790207981242333
49	2	0
49	5	0.38976185215547
49	55	0.159084501509547
49	32	0.194465529686007
49	34	0.168233903793086
49	25	0.171330479872209
49	48	0.429624743718595
49	46	0.433356123382343
49	45	0.106507415495389
49	21	0.0363577359537437
49	18	0.150393416662833
49	43	0.413320994072505
49	29	0.163463865290552
49	6	0.414355128800218
49	28	0.311710996553179
49	24	0.0420676263579763
49	3	0
49	51	0.163671121070956
49	37	0.533852625473484
49	41	0.0335795648732531
49	56	0.160544379429848
49	14	0.118687971717495
49	30	0.245612670170966
49	50	0.0808169982537474
49	13	0.167008884063237
49	59	0.340839404898313
49	23	0.0147498148530617
49	62	0.172287713811805
26	65	4.3167239183455e-05
26	22	6.04642025556436e-05
26	10	0.0549451076875714
26	49	0.308242632422725
26	26	
26	19	0.19545455038123
26	1	0.10440662172031
26	47	0.224060147103522
26	36	0.138540742764152
26	9	0.0282014456463224
26	52	0.315586021460061
26	60	0.144367433646181
26	16	0
26	11	0.0480903286967569
26	20	0.222629904106191
26	12	0.0542230227060021
26	38	0.0488051314114279
26	58	0.000404986162252506
26	8	0.00506091129554772
26	57	0.397243575048603
26	33	0.1271108050613
26	35	0.0365447483213968
26	17	0
26	63	0.262972997026296
26	15	0.000945867960119376
26	39	0.0794234777915941
26	61	0.236346604650541
26	4	0.0014868039212479
26	7	0.0762901481391565
26	27	0.277043014724455
26	42	0.0299301337551737
26	40	0.000521057106267286
26	53	0.132867072282628
26	44	0.332858842499212
26	54	0.2492105568399
26	31	0.159259941248421
26	66	0
26	64	0.116158661438916
26	2	0.0014868039212479
26	5	0.177821769800158
26	55	0.0203706731528768
26	32	0.0825030992785298
26	34	0.14903804507494
26	25	0.252452051601072
26	48	0.148610854597604
26	46	0.411278038719059
26	45	0.169960325830844
26	21	0.028249653339417
26	18	0.210781742515373
26	43	0.215172385643836
26	29	0.329907249445556
26	6	0.232064275390162
26	28	0.0771118887782945
26	24	0.0309069828147338
26	3	0.0014868039212479
26	51	0.240961589093937
26	37	0
26	41	0.02521553969673
26	56	0.357504632637357
26	14	0.175092998545477
26	30	0.121593207958196
26	50	0.155563726507619
26	13	0.1479389426912
26	59	0.0395477945896495
26	23	0.0222907410554103
26	62	0.219848716119873
19	65	0.000126329679927682
19	22	0.226334197169606
19	10	0.0477240665084573
19	49	0.0855168252201445
19	26	0.19545455038123
19	19	
19	1	0.0579839883158551
19	47	0.11629190211821
19	36	0.0862554301593972
19	9	0.0153529871712383
19	52	0.151642783084711
19	60	0.272516090805061
19	16	0.236909126116672
19	11	0.0417438225718305
19	20	0.0401857705754768
19	12	0.000826448465489734
19	38	0.256583469508517
19	58	0.0953298608853998
19	8	0.00700688850135579
19	57	0.358259733960222
19	33	0.50364557334062
19	35	0.563762120778988
19	17	0
19	63	0.145611818736122
19	15	0.00358686751081761
19	39	0.496759860595715
19	61	0.131177675379592
19	4	0.275300080896676
19	7	0.116385276677493
19	27	0.364667502179057
19	42	0.232772679448013
19	40	0.164721151233179
19	53	0.310276730691287
19	44	0.312663472944451
19	54	0.380890885992104
19	31	0.363794651621214
19	66	2.37256981707434e-06
19	64	0.37782174978103
19	2	0.275300080896676
19	5	0.0576223026069685
19	55	0.378415690973172
19	32	0.0945098527506564
19	34	0.330538473691202
19	25	0.179352672310433
19	48	0.0654205865330248
19	46	0.29966141440603
19	45	0.311499862330521
19	21	0.017000515126171
19	18	0.102347236722426
19	43	0.000161198912634351
19	29	0.0813262056209497
19	6	0.12880962192793
19	28	0.0428617708196236
19	24	0.0171921487521837
19	3	0.275300080896676
19	51	0.164736355389881
19	37	0.0421982705029508
19	41	0.413237709689444
19	56	0.30243917526422
19	14	0.312118912936076
19	30	0.00018119288151962
19	50	0.224198070562614
19	13	0.0273671887488061
19	59	0.0783000395637605
19	23	0.113387575362704
19	62	0.12210398644932
1	65	0.0247632648479266
1	22	0
1	10	7.19915782863538e-05
1	49	0.121978226515829
1	26	0.10440662172031
1	19	0.0579839883158551
1	1	
1	47	4.45175301128085e-05
1	36	0
1	9	4.95500113230429e-05
1	52	0.094010796655403
1	60	0.0210780285700596
1	16	0.00253794277567196
1	11	0
1	20	0
1	12	0
1	38	0.00538608364621144
1	58	1.79620593412739e-05
1	8	0.00266203020383936
1	57	0
1	33	6.16992814138322e-05
1	35	4.72790707269916e-05
1	17	0
1	63	0.207343148812786
1	15	0.0331405154788996
1	39	5.18774666325e-05
1	61	0.160881778637282
1	4	0.0416654391160881
1	7	0
1	27	3.19903824696902e-05
1	42	9.26880745750249e-05
1	40	0
1	53	4.23926970308529e-05
1	44	0.264886024826216
1	54	0.114505756665913
1	31	0
1	66	0
1	64	0.0920072953288151
1	2	0.0416654391160881
1	5	0.0817760631434975
1	55	9.57496395623251e-06
1	32	5.41780174745037e-05
1	34	0
1	25	0.234109885162742
1	48	0.0683531430603557
1	46	4.5523989785943e-05
1	45	0.0469950183057852
1	21	6.07079394503143e-05
1	18	7.23287136590982e-05
1	43	5.39709433763935e-05
1	29	0
1	6	0.408776868166391
1	28	0.000101516539909192
1	24	5.54803550889361e-05
1	3	0.0416654391160881
1	51	0.190339732221541
1	37	7.75991840256871e-05
1	41	1.17726080162943e-05
1	56	0
1	14	0.101563482314803
1	30	0
1	50	0.126897793765865
1	13	0
1	59	0.281039983419734
1	23	0.0855905439920962
1	62	0.202654754735802
47	65	0.269870314287319
47	22	4.40070585334591e-05
47	10	0.518159707473891
47	49	0.451002632763748
47	26	0.224060147103522
47	19	0.11629190211821
47	1	4.45175301128085e-05
47	47	
47	36	0.382985742968303
47	9	0.0197690291426971
47	52	0.14082083889411
47	60	0.105617918006801
47	16	0.0317439797109074
47	11	0.122730693878543
47	20	0.35955046096318
47	12	0
47	38	0.0317451185182109
47	58	0.0409572859982299
47	8	8.52328445917869e-05
47	57	0.194393729539539
47	33	0.0893267236011117
47	35	0.0257200875325796
47	17	0
47	63	0.239138883754219
47	15	8.48449121276182e-05
47	39	0.174558787453502
47	61	0.0257055972743545
47	4	0.00012478204199491
47	7	0.139357638407678
47	27	0.153718125654895
47	42	0.0548063660939112
47	40	0.30880852156015
47	53	0.281634660215032
47	44	5.34796970774974e-05
47	54	0.113689440040923
47	31	0.112435290808013
47	66	0.000186748192372246
47	64	0.0317264491320401
47	2	0.00012478204199491
47	5	0.337408738908059
47	55	0.219987689312137
47	32	0.26704072094678
47	34	0.234575465759858
47	25	0.0505887941002702
47	48	0.345625065190323
47	46	0.5411016170865
47	45	0.117699906850073
47	21	0.0191480728761416
47	18	0.285753647434415
47	43	0.313252579972241
47	29	0.276531234736118
47	6	0.294756178403457
47	28	0.290482121757198
47	24	0.0455868707724619
47	3	0.00012478204199491
47	51	0.0757833066897197
47	37	0.530677772015052
47	41	0.0543389283275503
47	56	0.17230343747708
47	14	0.0328875098218092
47	30	0.258140621847696
47	50	0.0587720853885643
47	13	0.245224751090437
47	59	0.374228240915352
47	23	0.0154984004478544
47	62	0.0493177275009228
36	65	0.307580896352343
36	22	2.05615954955951e-06
36	10	0.423001035575582
36	49	0.237448392869117
36	26	0.138540742764152
36	19	0.0862554301593972
36	1	0
36	47	0.382985742968303
36	36	
36	9	0.000578692330261775
36	52	0.0982726483486295
36	60	0.0426753626216756
36	16	0.0572121518830609
36	11	0.078702657503296
36	20	0.045729852404408
36	12	0.00323003443093801
36	38	0.0562310462667214
36	58	0.0362442174557784
36	8	0.000792634882223522
36	57	0.0806140068639413
36	33	0.0812167741296383
36	35	0.000160668288853058
36	17	0
36	63	0.230612563469723
36	15	0.000282800842177113
36	39	0.104504037923532
36	61	0.0293464028635307
36	4	0.000469437994767714
36	7	0.0750700380833425
36	27	0.0998141140562919
36	42	0.0295269996292605
36	40	0.272903652243938
36	53	0.0735052515431976
36	44	0.00677267587176226
36	54	0.0349936378558122
36	31	0.128124530553472
36	66	0.111945134288339
36	64	0.086095156399744
36	2	0.000469437994767714
36	5	0.274777684691183
36	55	0.270095985279127
36	32	0.21587938359646
36	34	0.292876291229961
36	25	0.0448343919736462
36	48	0.208821074381369
36	46	0.391644347897783
36	45	0.066555588341693
36	21	0.00246207627632113
36	18	0.0728131153221287
36	43	0.276586335579948
36	29	0.142271048940775
36	6	0.23804296223345
36	28	0
36	24	0.0207400873597717
36	3	0.000469437994767714
36	51	0.156350003430093
36	37	0.391253152095419
36	41	0.0155338100173845
36	56	0.143016618646984
36	14	0.0582980442246388
36	30	0.0384165114190979
36	50	0.0524639024183222
36	13	0.0642300779029688
36	59	0.321509269209876
36	23	0.00019330988567052
36	62	0.221118032168315
9	65	0.00229229073369177
9	22	0.0493485125915099
9	10	0.0319691247817996
9	49	0.0187895295081978
9	26	0.0282014456463224
9	19	0.0153529871712383
9	1	4.95500113230429e-05
9	47	0.0197690291426971
9	36	0.000578692330261775
9	9	
9	52	0.50890386669383
9	60	5.54976076462549e-05
9	16	0
9	11	0.0331281834671203
9	20	0.0422656983819409
9	12	1.35627731052282e-05
9	38	1.56016740748196e-05
9	58	0.0378995146383007
9	8	0.0251808505242725
9	57	0.0361466751598949
9	33	4.57366057622287e-05
9	35	0.02099510175519
9	17	0
9	63	0.00324101889182435
9	15	0.0244247678317127
9	39	0.0284734987294573
9	61	0.0494022197846422
9	4	0.000101858582929976
9	7	5.34401393192291e-07
9	27	0.0211622939492822
9	42	0.0042011629631533
9	40	2.58818361534407e-07
9	53	0.0258917115208397
9	44	0.0178912650104477
9	54	0.0302737103461627
9	31	0
9	66	0.0122281519314896
9	64	0.000102892938888627
9	2	0.000101858582929976
9	5	0.0216527859916293
9	55	0.0144438337156357
9	32	0.072083365896718
9	34	0.028994703719223
9	25	0.049547351899969
9	48	5.18572076190227e-05
9	46	0.0230777769654062
9	45	0.0239424339188078
9	21	0.0263662686993707
9	18	0.0186201396417464
9	43	4.00846517650482e-05
9	29	0.0236192488299382
9	6	0.0206336789417915
9	28	7.48544176894247e-05
9	24	0.0180879953397805
9	3	0.000101858582929976
9	51	0.0335564815443289
9	37	0.00309924951035682
9	41	0.000319946829772653
9	56	0.0346809907048605
9	14	0.0268620435203224
9	30	0.0354750029900651
9	50	0.189544319600478
9	13	0.0345434101154046
9	59	0.023088922504263
9	23	0.0252833688530875
9	62	0.019534933742066
52	65	8.76306687111476e-05
52	22	5.6364747655393e-05
52	10	0.0493583790058299
52	49	0.109721898647499
52	26	0.315586021460061
52	19	0.151642783084711
52	1	0.094010796655403
52	47	0.14082083889411
52	36	0.0982726483486295
52	9	0.50890386669383
52	52	
52	60	9.53365237730441e-05
52	16	0
52	11	0.042674133679345
52	20	0.0651682467511753
52	12	0
52	38	0.0398381832309988
52	58	3.69180942322444e-05
52	8	8.78017795910572e-07
52	57	0.0557341755317657
52	33	0.112246944526812
52	35	0.0323717346247107
52	17	0
52	63	0.236630526847134
52	15	0.0461575650301437
52	39	0.000107480972762345
52	61	0.180267270633758
52	4	0.000157052776133518
52	7	9.34522240060817e-05
52	27	0.132941710701749
52	42	0.000126479921307623
52	40	7.98128955342941e-07
52	53	0.0398563347201276
52	44	0.299190979012902
52	54	0.176924927166723
52	31	0.0911107939284889
52	66	1.92376820276585e-06
52	64	0.104656763597551
52	2	0.000157052776133518
52	5	0.126288221199838
52	55	0.0180771875967038
52	32	0.037147845512839
52	34	0.0447060874134022
52	25	0.226671720753831
52	48	0.0777155627391652
52	46	0.143962729494478
52	45	0.171373168821042
52	21	0.000837786915061618
52	18	0.132476109150344
52	43	0.0904264374163023
52	29	0.168266353358959
52	6	0.208886537088088
52	28	0.00011541584190371
52	24	4.82718904156603e-05
52	3	0.000157052776133518
52	51	0.216386016130576
52	37	6.47021357112286e-05
52	41	5.33884914824281e-07
52	56	0.044571082754064
52	14	0.156836956268838
52	30	0.0547471550828174
52	50	0.389081540054909
52	13	0.04437853655493
52	59	0.000106865558860544
52	23	0.0583902966442861
52	62	0.167821045043744
60	65	0.00988924298367313
60	22	2.97359642409824e-05
60	10	0.000121242144957454
60	49	0.13632576057662
60	26	0.144367433646181
60	19	0.272516090805061
60	1	0.0210780285700596
60	47	0.105617918006801
60	36	0.0426753626216756
60	9	5.54976076462549e-05
60	52	9.53365237730441e-05
60	60	
60	16	0.45077992487951
60	11	0.000239800166743133
60	20	0.103141098061231
60	12	0.000375592979072
60	38	0.217638444044987
60	58	0.0408193358710784
60	8	0.000578698095436657
60	57	0.39248530824317
60	33	0.00473853176634424
60	35	0.321543336787084
60	17	0
60	63	0.000218324304693304
60	15	0.000238833657167437
60	39	0.23000935964039
60	61	3.8387403799047e-05
60	4	0.157012216482244
60	7	0.108190740887163
60	27	0.0534306735391955
60	42	0.131721539351524
60	40	0.000124107067446407
60	53	0.0767992019391013
60	44	0.0817141210485992
60	54	0.228802897867334
60	31	0.219618147547876
60	66	0.0420812411860163
60	64	0.144128188252468
60	2	0.157012216482244
60	5	0.000198531666697374
60	55	0.420079450647235
60	32	0.152913120658707
60	34	0.293741663314351
60	25	0.000223133464940266
60	48	0.0442269065018852
60	46	0.252498210185738
60	45	0.177700797761964
60	21	0.173910273756381
60	18	0.178964260985613
60	43	9.13627284611179e-05
60	29	0.00481352702154643
60	6	0.0198791254465951
60	28	0.142917065469224
60	24	0.0440821439697065
60	3	0.157012216482244
60	51	9.73198506333205e-05
60	37	0.0805902295907054
60	41	0.255151841265206
60	56	0.335734457606524
60	14	0.159193469639153
60	30	6.42625793999422e-05
60	50	0.10915765452723
60	13	0.144988748900456
60	59	0.0771860806949382
60	23	0.064656065242602
60	62	0.0476658895503704
16	65	0
16	22	0
16	10	0
16	49	0.0302079789283343
16	26	0
16	19	0.236909126116672
16	1	0.00253794277567196
16	47	0.0317439797109074
16	36	0.0572121518830609
16	9	0
16	52	0
16	60	0.45077992487951
16	16	
16	11	0.0110692991152599
16	20	0.000407123392992454
16	12	0
16	38	0.17861899124955
16	58	0.0411307359158583
16	8	0.000227428142365713
16	57	0.18670078908088
16	33	0.00038646331324953
16	35	0.324182725315472
16	17	0
16	63	0
16	15	0.000117656689094934
16	39	0.118570988930098
16	61	0
16	4	0.157865302892896
16	7	0
16	27	0.0536231051962827
16	42	0.0897990364654367
16	40	0
16	53	0
16	44	0.0822779831254299
16	54	0.156366403964746
16	31	0.195094268269926
16	66	0.172292003335018
16	64	0.165132444308781
16	2	0.157865302892896
16	5	0
16	55	0.647662827711396
16	32	0
16	34	0.196118776480675
16	25	0
16	48	0
16	46	0.168583997767392
16	45	0.160771462575849
16	21	0.273233717993423
16	18	0.0593678127758337
16	43	0
16	29	0
16	6	0.00239175432303597
16	28	0
16	24	0
16	3	0.157865302892896
16	51	0
16	37	0.0819864537439088
16	41	0.222184898686627
16	56	0.242682573241591
16	14	0.182461509791671
16	30	0
16	50	0.0965885309985688
16	13	0.0462921160854682
16	59	0
16	23	0.0650073577207317
16	62	0
11	65	0.0341950891338418
11	22	0.000122008074771705
11	10	0.140442645142819
11	49	0.0321923589864552
11	26	0.0480903286967569
11	19	0.0417438225718305
11	1	0
11	47	0.122730693878543
11	36	0.078702657503296
11	9	0.0331281834671203
11	52	0.042674133679345
11	60	0.000239800166743133
11	16	0.0110692991152599
11	11	
11	20	0.0724144015703555
11	12	0.000767863681810658
11	38	0.000745204240754085
11	58	0.0574303158578085
11	8	0.00118263337131347
11	57	0.127652866866368
11	33	0.144295628338376
11	35	0.0361658894267246
11	17	0
11	63	0.000236681257172067
11	15	0.000558274846701419
11	39	0.165589777145853
11	61	0.000112783979014073
11	4	0.000743367180914298
11	7	0.119077535913082
11	27	0.0463482774685703
11	42	0.046756344846205
11	40	0.039284385629253
11	53	0.160644181299182
11	44	0.000366169973595503
11	54	0.107419193878857
11	31	7.50294533322285e-05
11	66	1.06883743316951e-06
11	64	0.0443257511397365
11	2	0.000743367180914298
11	5	0.0765858056766686
11	55	0.0940924331819317
11	32	0.170140618514662
11	34	0.180173282536864
11	25	0.0709964168664009
11	48	0.000302245576352009
11	46	0.125412491436419
11	45	0.0519065454958895
11	21	0.000864109850824017
11	18	0.0318962449460572
11	43	0.000110653532000629
11	29	0.0404671834380972
11	6	0.0352932911971985
11	28	0
11	24	0.0328128958338092
11	3	0.000743367180914298
11	51	0.106191423133204
11	37	0.0676975981690599
11	41	2.96624188479823e-07
11	56	0.333913414769321
11	14	0.0923164577028551
11	30	0.06094306386453
11	50	0.0141599895859063
11	13	0.512272557497088
11	59	0.0619384010563354
11	23	0.0219097569350363
11	62	0.0355498396750155
20	65	0
20	22	0
20	10	0.0837323232894104
20	49	0.391425134553922
20	26	0.222629904106191
20	19	0.0401857705754768
20	1	0
20	47	0.35955046096318
20	36	0.045729852404408
20	9	0.0422656983819409
20	52	0.0651682467511753
20	60	0.103141098061231
20	16	0.000407123392992454
20	11	0.0724144015703555
20	20	
20	12	0
20	38	0.0729188852772668
20	58	6.13102335035283e-05
20	8	0.000181784027355769
20	57	0.379599606718543
20	33	0.000308901338141278
20	35	0.0549895769639732
20	17	0
20	63	0.0479195827272447
20	15	9.40433605381596e-05
20	39	0.120675804334504
20	61	0.0549754783628931
20	4	0
20	7	0.116260602929528
20	27	0.02728749843813
20	42	0.0457451896863516
20	40	0
20	53	0.402899071296965
20	44	0
20	54	0.159078444326007
20	31	0.0889343314645549
20	66	0.00039829526602598
20	64	0.0637414304857053
20	2	0
20	5	0.0566871343597838
20	55	0.0613572536949901
20	32	0.374375826517882
20	34	0.228427661312877
20	25	0
20	48	0.234023760287112
20	46	0.158844806055722
20	45	0.0617228334963768
20	21	0.0408832707045194
20	18	0.146127561255216
20	43	0.0627727935210895
20	29	0.372406564792942
20	6	0.054018455432571
20	28	0.583417656836789
20	24	0.0473242264068155
20	3	0
20	51	0
20	37	0.261066883954467
20	41	0.037775247469953
20	56	0.151673198777005
20	14	0.0704304819769704
20	30	0.552697904121756
20	50	0.042402656981231
20	13	0.22674308884727
20	59	0.0604736331296669
20	23	0.0330806685994453
20	62	0.102329088228403
12	65	1.57861124047133e-05
12	22	0
12	10	0.025757427111877
12	49	0.0358952618838559
12	26	0.0542230227060021
12	19	0.000826448465489734
12	1	0
12	47	0
12	36	0.00323003443093801
12	9	1.35627731052282e-05
12	52	0
12	60	0.000375592979072
12	16	0
12	11	0.000767863681810658
12	20	0
12	12	
12	38	0.00139218202032706
12	58	0.00042964627491864
12	8	0.00274116854990133
12	57	0
12	33	0.00583137140783812
12	35	0.000701828672364632
12	17	0
12	63	0.000508126925388219
12	15	0.000988547357279083
12	39	0.000620445569947909
12	61	0.107693751152793
12	4	0.00165212129395539
12	7	0.000288336813427629
12	27	0.000850536094172132
12	42	0.000157029327355349
12	40	0.000578993321398046
12	53	0.128649266323992
12	44	0.030842230183364
12	54	0.000816691477673925
12	31	0.162295781204356
12	66	0
12	64	4.09083768718549e-05
12	2	0.00165212129395539
12	5	0.0417393465709928
12	55	0.000315001484949668
12	32	0.00391871770742245
12	34	0
12	25	0.000710787781632934
12	48	0.0348578397443002
12	46	0
12	45	0.000393882410804197
12	21	0.215538904498848
12	18	0
12	43	0
12	29	3.97320571589379e-05
12	6	1.73341523404208e-05
12	28	0
12	24	1.51860200992285e-05
12	3	0.00165212129395539
12	51	0.000561622844869964
12	37	0.00395217588156381
12	41	9.34118943238941e-05
12	56	0.00096789796910697
12	14	0.000898900016857426
12	30	2.98521092130912e-05
12	50	0.000442823503208119
12	13	2.4229732275864e-05
12	59	0
12	23	0.000762370127176484
12	62	0
38	65	4.03516736436496e-05
38	22	5.65204496465455e-05
38	10	6.86815282279745e-05
38	49	0.130860304751302
38	26	0.0488051314114279
38	19	0.256583469508517
38	1	0.00538608364621144
38	47	0.0317451185182109
38	36	0.0562310462667214
38	9	1.56016740748196e-05
38	52	0.0398381832309988
38	60	0.217638444044987
38	16	0.17861899124955
38	11	0.000745204240754085
38	20	0.0729188852772668
38	12	0.00139218202032706
38	38	
38	58	0.142892064889003
38	8	0.00917254343431556
38	57	0.239931555664335
38	33	0.00257063343330372
38	35	0.31685766342939
38	17	0
38	63	0.000414520064350062
38	15	0.000953415821300152
38	39	0.189960954436913
38	61	0.0960153587593781
38	4	0.160351545285376
38	7	0.0710715944183258
38	27	0.0922681556745634
38	42	0.115456131862565
38	40	0.000487071369388398
38	53	0.0414503558167284
38	44	0.0828385805351517
38	54	0.201700630727567
38	31	0.218320824541778
38	66	0.0830984219297186
38	64	0.161211181530592
38	2	0.160351545285376
38	5	0.000490362253702982
38	55	0.232762011281731
38	32	0.0385210435075144
38	34	0.192461083391532
38	25	0.000597941919793729
38	48	0.032283530764029
38	46	0.133870302935912
38	45	0.159270182684981
38	21	0.0264372639898647
38	18	0.0595491054406459
38	43	0.0900101094981114
38	29	0.00280600352096436
38	6	0.00233420204935005
38	28	0.0720822973367207
38	24	0.028908556432563
38	3	0.160351545285376
38	51	0.00039689405093293
38	37	0.0405523682967381
38	41	0.239778959558315
38	56	0.192395397508627
38	14	0.178706222370906
38	30	7.6306473541997e-05
38	50	0.120577642037955
38	13	0.0462318419696402
38	59	0.0369683058447543
38	23	0.0842475518910131
38	62	0.0369731253516655
58	65	0.0458835117403283
58	22	0.144176076680793
58	10	0.0494460689096983
58	49	2.72435436763278e-05
58	26	0.000404986162252506
58	19	0.0953298608853998
58	1	1.79620593412739e-05
58	47	0.0409572859982299
58	36	0.0362442174557784
58	9	0.0378995146383007
58	52	3.69180942322444e-05
58	60	0.0408193358710784
58	16	0.0411307359158583
58	11	0.0574303158578085
58	20	6.13102335035283e-05
58	12	0.00042964627491864
58	38	0.142892064889003
58	58	
58	8	0.046049517697357
58	57	0.0751402421145987
58	33	0.00108771641264922
58	35	0.0978038090564063
58	17	0
58	63	0.00015795903722559
58	15	0.0464409887759115
58	39	0.180912050141929
58	61	0.083182335769132
58	4	0.099965063395768
58	7	0.0686184144236258
58	27	0.0325107414183487
58	42	0.0539700725599732
58	40	0.0996485373734884
58	53	0.0535669174345273
58	44	0.0341026305427602
58	54	0.0805938625021237
58	31	0.050898887021132
58	66	7.50413331079616e-05
58	64	0.0505273257108103
58	2	0.099965063395768
58	5	0.0115033373542886
58	55	0.0848379348124972
58	32	0.119338735477715
58	34	0.105150822075831
58	25	0.0899242325272075
58	48	0.0613955872483117
58	46	0.0734645922099109
58	45	0.0664676042199267
58	21	0.000459729840788304
58	18	2.75939655956799e-05
58	43	3.55610595951933e-05
58	29	0
58	6	0.000308310305887922
58	28	3.69995941555484e-05
58	24	0.00947701548755244
58	3	0.099965063395768
58	51	0.0439122353561312
58	37	0.0391075388833629
58	41	0.0671016518309666
58	56	0.0898282209304903
58	14	0.0418735975793489
58	30	0.0350777416631041
58	50	0.0332150186966386
58	13	0.0639570716210268
58	59	0.035711220153466
58	23	0.0197767593931579
58	62	0.0102590184545283
8	65	0.106822116951731
8	22	0.149591792480592
8	10	0.0534433450239246
8	49	0.000199515127865903
8	26	0.00506091129554772
8	19	0.00700688850135579
8	1	0.00266203020383936
8	47	8.52328445917869e-05
8	36	0.000792634882223522
8	9	0.0251808505242725
8	52	8.78017795910572e-07
8	60	0.000578698095436657
8	16	0.000227428142365713
8	11	0.00118263337131347
8	20	0.000181784027355769
8	12	0.00274116854990133
8	38	0.00917254343431556
8	58	0.046049517697357
8	8	
8	57	0.000156103169900703
8	33	0.00435645455733453
8	35	0.000975503426270512
8	17	0
8	63	0.0128720196051986
8	15	0.225028871621354
8	39	0.000955598107741332
8	61	0.042327351013915
8	4	0.00702266535785457
8	7	0.0253301114352986
8	27	0.0165631425150681
8	42	0.00511224271661651
8	40	0.190477070420567
8	53	0.000676366481438146
8	44	0.00263564368746602
8	54	0.00138805733591414
8	31	0.000221805189555956
8	66	0.000223410830556769
8	64	6.38382744532093e-05
8	2	0.00702266535785457
8	5	0.000925402158679352
8	55	0.0005459333011465
8	32	0.000152701815526888
8	34	0.000124705712098672
8	25	0.00109427575725994
8	48	0.00342252662197168
8	46	0.00192314254101787
8	45	0.00866674902696392
8	21	0.00303699891093522
8	18	3.35612568902049e-05
8	43	4.22871816860275e-07
8	29	6.24196556857694e-05
8	6	2.70502635190802e-05
8	28	0
8	24	0.0264766811496719
8	3	0.00702266535785457
8	51	0.0287983734594919
8	37	0.000163571332571483
8	41	0.00964838663039438
8	56	0.00134583605698376
8	14	0.00127321110070821
8	30	0.000864370215449123
8	50	0.000689184794814393
8	13	0.000162105652312024
8	59	0
8	23	0.00828808187454427
8	62	0.0337936522568906
57	65	0.0604746636732474
57	22	1.42129099281578e-06
57	10	0.0716090992852639
57	49	0.168677707282229
57	26	0.397243575048603
57	19	0.358259733960222
57	1	0
57	47	0.194393729539539
57	36	0.0806140068639413
57	9	0.0361466751598949
57	52	0.0557341755317657
57	60	0.39248530824317
57	16	0.18670078908088
57	11	0.127652866866368
57	20	0.379599606718543
57	12	0
57	38	0.239931555664335
57	58	0.0751402421145987
57	8	0.000156103169900703
57	57	
57	33	0.0171957778251212
57	35	0.508333588763521
57	17	0
57	63	0.0563990424562039
57	15	0.000319725780737526
57	39	0.320518706283894
57	61	0.0474246581541358
57	4	0.215825755168303
57	7	0.0994289556039314
57	27	0.105427814905496
57	42	0.161662810277169
57	40	0.069217959198789
57	53	0.196436352387402
57	44	0.125957791996199
57	54	0.422097578695092
57	31	0.316827524354071
57	66	0.000342027594434447
57	64	0.283613159527733
57	2	0.215825755168303
57	5	0.0999280905889396
57	55	0.354981948786995
57	32	0.107782307399809
57	34	0.468758526014522
57	25	0
57	48	0.0405045403177526
57	46	0.343187228303616
57	45	0.218612154906171
57	21	0.034964388669885
57	18	0.140641475252922
57	43	0.0541510208327209
57	29	0.105892092415437
57	6	0.0461979249346722
57	28	0.13387732622689
57	24	0.0986491255784646
57	3	0.215825755168303
57	51	0.0798760516030262
57	37	0.000166127646316537
57	41	0.347994620209412
57	56	0.576579512485895
57	14	0.249452491575388
57	30	0.159118120430861
57	50	0.150340704876882
57	13	0.262444761179772
57	59	0.0517179295736873
57	23	0.117165962428166
57	62	0.133950056598657
33	65	0.0129296004194013
33	22	0.264557765701198
33	10	0.000172892333028258
33	49	0.000137544046055166
33	26	0.1271108050613
33	19	0.50364557334062
33	1	6.16992814138322e-05
33	47	0.0893267236011117
33	36	0.0812167741296383
33	9	4.57366057622287e-05
33	52	0.112246944526812
33	60	0.00473853176634424
33	16	0.00038646331324953
33	11	0.144295628338376
33	20	0.000308901338141278
33	12	0.00583137140783812
33	38	0.00257063343330372
33	58	0.00108771641264922
33	8	0.00435645455733453
33	57	0.0171957778251212
33	33	
33	35	0.010785816613546
33	17	0
33	63	0.0094377385183179
33	15	0.0178500234686333
33	39	0.231902293895048
33	61	0.0322963856247701
33	4	0.00282813362812082
33	7	0.0583886901962253
33	27	0.357062540759715
33	42	0.000717059517506536
33	40	0.22634556247163
33	53	0.259396810183329
33	44	0.0082870684602012
33	54	0.00165833632622773
33	31	0.0820596099719731
33	66	0.000378859986045465
33	64	0.0627075372837874
33	2	0.00282813362812082
33	5	0.000997828678213015
33	55	0.0453153057740469
33	32	0.0185887527649823
33	34	0.00919921044428332
33	25	0.00121674046273008
33	48	0.000921271039203526
33	46	0.107559849583908
33	45	0.0537016938545642
33	21	0.0238498157582226
33	18	0.0926220902217536
33	43	0.000129973925493758
33	29	0.113819276294285
33	6	0.000776994088823663
33	28	0.014043225069531
33	24	0.0219513737103123
33	3	0.00282813362812082
33	51	0.00135093403129986
33	37	0.00282655289719871
33	41	0.0252291245159841
33	56	0.00127547239516982
33	14	0.00120435775130014
33	30	0.0265588000866393
33	50	0.0374812920435071
33	13	0.158866741273822
33	59	0.000124867280731543
33	23	0.00119307792199692
33	62	0.0243900002775169
35	65	0.00921772134952142
35	22	0.0341717327243364
35	10	0.0832593857937856
35	49	0.0245184306547054
35	26	0.0365447483213968
35	19	0.563762120778988
35	1	4.72790707269916e-05
35	47	0.0257200875325796
35	36	0.000160668288853058
35	9	0.02099510175519
35	52	0.0323717346247107
35	60	0.321543336787084
35	16	0.324182725315472
35	11	0.0361658894267246
35	20	0.0549895769639732
35	12	0.000701828672364632
35	38	0.31685766342939
35	58	0.0978038090564063
35	8	0.000975503426270512
35	57	0.508333588763521
35	33	0.010785816613546
35	35	
35	17	0
35	63	0.00918676060362857
35	15	0.000475761052589902
35	39	0.28252179012568
35	61	0.000329912648791868
35	4	0.37615181121748
35	7	0.000197036632923335
35	27	0.14646599231843
35	42	0.213325434628338
35	40	0.0107017855619545
35	53	0.0336303374137458
35	44	0.203641452837792
35	54	0.411204440874144
35	31	0.407690880313587
35	66	0
35	64	0.329622758871392
35	2	0.37615181121748
35	5	0.0283579849305558
35	55	0.444815591255683
35	32	0.0314082469633594
35	34	0.393241753413784
35	25	0.000299875325211662
35	48	0.000205467387033288
35	46	0.283642411633848
35	45	0.303963786476967
35	21	0.000608282320288493
35	18	0.0332824944953264
35	43	0.000322095212831924
35	29	0.0307014445455672
35	6	0.0536217983889873
35	28	9.73889683645869e-05
35	24	0.0323361648826024
35	3	0.37615181121748
35	51	0.000229182916827324
35	37	5.4596268102945e-05
35	41	0.553867402801686
35	56	0.392766323826511
35	14	0.364464135421372
35	30	0.0461341768390044
35	50	0.208930912717818
35	13	0.0374452185471114
35	59	4.98801295389019e-05
35	23	0.171356865896105
35	62	4.22017655652183e-05
17	65	0
17	22	0
17	10	0
17	49	0
17	26	0
17	19	0
17	1	0
17	47	0
17	36	0
17	9	0
17	52	0
17	60	0
17	16	0
17	11	0
17	20	0
17	12	0
17	38	0
17	58	0
17	8	0
17	57	0
17	33	0
17	35	0
17	17	
17	63	0
17	15	0
17	39	0
17	61	0
17	4	0
17	7	0
17	27	0
17	42	0
17	40	0
17	53	0
17	44	0
17	54	0
17	31	0
17	66	0
17	64	0
17	2	0
17	5	0
17	55	0
17	32	0
17	34	0
17	25	0
17	48	0
17	46	0
17	45	0
17	21	0
17	18	0
17	43	0
17	29	0
17	6	0
17	28	0
17	24	0
17	3	0
17	51	0
17	37	0
17	41	0
17	56	0
17	14	0
17	30	0
17	50	0
17	13	0
17	59	0
17	23	0
17	62	0
63	65	0.259027561012243
63	22	2.15461678651807e-06
63	10	0.386722429329955
63	49	0.405667137678868
63	26	0.262972997026296
63	19	0.145611818736122
63	1	0.207343148812786
63	47	0.239138883754219
63	36	0.230612563469723
63	9	0.00324101889182435
63	52	0.236630526847134
63	60	0.000218324304693304
63	16	0
63	11	0.000236681257172067
63	20	0.0479195827272447
63	12	0.000508126925388219
63	38	0.000414520064350062
63	58	0.00015795903722559
63	8	0.0128720196051986
63	57	0.0563990424562039
63	33	0.0094377385183179
63	35	0.00918676060362857
63	17	0
63	63	
63	15	0.00195996293296641
63	39	0.000272419055576724
63	61	0.40043087460602
63	4	0.000722885005125342
63	7	0.0194251639488821
63	27	0.00510905079872415
63	42	0.000158711449246206
63	40	0.293634740739061
63	53	1.40189869419166e-05
63	44	0.614697852472286
63	54	0.287424405121918
63	31	0.00695037216101444
63	66	2.12188084234793e-06
63	64	0.258234923799838
63	2	0.000722885005125342
63	5	0.466968913389107
63	55	0.154772599404094
63	32	0.00337692521748759
63	34	0
63	25	0.500191405240277
63	48	0.390141393302443
63	46	0.256397509739776
63	45	0.117310415841274
63	21	0.0011460298205831
63	18	0.00798992564220539
63	43	0.317048305759399
63	29	0.0520625567232248
63	6	0.640143007971014
63	28	0.000169735392920929
63	24	0.00777252917304359
63	3	0.000722885005125342
63	51	0.477472920580313
63	37	0.309157570092433
63	41	0.0265032958012876
63	56	0.000233374781190152
63	14	0.254881246958105
63	30	1.77768395961451e-05
63	50	0.153455915879365
63	13	1.67897499490524e-05
63	59	0.279300864893963
63	23	0.00582437518006095
63	62	0.392191413923166
15	65	0.0569969102090964
15	22	0.114858900665617
15	10	6.50249677435166e-05
15	49	4.24755577167751e-05
15	26	0.000945867960119376
15	19	0.00358686751081761
15	1	0.0331405154788996
15	47	8.48449121276182e-05
15	36	0.000282800842177113
15	9	0.0244247678317127
15	52	0.0461575650301437
15	60	0.000238833657167437
15	16	0.000117656689094934
15	11	0.000558274846701419
15	20	9.40433605381596e-05
15	12	0.000988547357279083
15	38	0.000953415821300152
15	58	0.0464409887759115
15	8	0.225028871621354
15	57	0.000319725780737526
15	33	0.0178500234686333
15	35	0.000475761052589902
15	17	0
15	63	0.00195996293296641
15	15	
15	39	0.000569732327923736
15	61	0.00209960605729669
15	4	0.000986875654385236
15	7	0.0355534645139972
15	27	0.151069491583452
15	42	8.33464869351872e-05
15	40	0.0635847326238238
15	53	2.46452423903656e-05
15	44	0.00177811209197086
15	54	0.0008172974769228
15	31	0.000105724200888228
15	66	0.000116997352232873
15	64	5.12775509379157e-05
15	2	0.000986875654385236
15	5	0.000348191761515222
15	55	0.00029171912223412
15	32	0.0364543989914567
15	34	6.45147124016073e-05
15	25	0.0379573717398812
15	48	0.000344245052463323
15	46	0.0018389390540517
15	45	0.000230566416888161
15	21	0.00105108313925259
15	18	5.62076108467841e-05
15	43	0.0446175592671264
15	29	0.0178938592593256
15	6	7.53029270973679e-07
15	28	0
15	24	0.252392230671821
15	3	0.000986875654385236
15	51	0.000279204951012577
15	37	0.00236566543834339
15	41	3.90506989096246e-05
15	56	0.000657183345892497
15	14	0.000444915152983343
15	30	0.0269569406184196
15	50	0.0787465340129644
15	13	6.61441127593237e-05
15	59	4.69627007720586e-05
15	23	0.00998388017689313
15	62	0.0240674846916954
39	65	0.0284891177436838
39	22	0.279787707073218
39	10	0.142808613491043
39	49	0.139255407341183
39	26	0.0794234777915941
39	19	0.496759860595715
39	1	5.18774666325e-05
39	47	0.174558787453502
39	36	0.104504037923532
39	9	0.0284734987294573
39	52	0.000107480972762345
39	60	0.23000935964039
39	16	0.118570988930098
39	11	0.165589777145853
39	20	0.120675804334504
39	12	0.000620445569947909
39	38	0.189960954436913
39	58	0.180912050141929
39	8	0.000955598107741332
39	57	0.320518706283894
39	33	0.231902293895048
39	35	0.28252179012568
39	17	0
39	63	0.000272419055576724
39	15	0.000569732327923736
39	39	
39	61	0.00737114581915211
39	4	0.18180233033787
39	7	0.324708592325022
39	27	0.213229970787702
39	42	0.213353525133376
39	40	0.353237049674433
39	53	0.377187123953846
39	44	0.0717957374349711
39	54	0.312024174215842
39	31	0.192731702870929
39	66	0.0174567335492975
39	64	0.145932302630136
39	2	0.18180233033787
39	5	0.0330050478310428
39	55	0.250173800069932
39	32	0.283420027630203
39	34	0.386356734014146
39	25	0.118108866470075
39	48	0.051803905410654
39	46	0.268977150424196
39	45	0.191851117513643
39	21	0.0470246160936019
39	18	0.110470287772952
39	43	0.00039972833904712
39	29	1.21873429293331e-06
39	6	4.92437341528685e-05
39	28	0.128604834489125
39	24	0.0788750398124386
39	3	0.18180233033787
39	51	0.125971351957122
39	37	0.112843487047172
39	41	0.234144688197041
39	56	0.259505576600945
39	14	0.120666515600635
39	30	6.8014114212389e-05
39	50	0.0968185650839275
39	13	0.125778563798279
39	59	0.168953409613556
39	23	0.0568635661947014
39	62	0.0853124127582067
61	65	0.0185826027456452
61	22	4.67249505077078e-05
61	10	0.000197648998482084
61	49	0.160785999257123
61	26	0.236346604650541
61	19	0.131177675379592
61	1	0.160881778637282
61	47	0.0257055972743545
61	36	0.0293464028635307
61	9	0.0494022197846422
61	52	0.180267270633758
61	60	3.8387403799047e-05
61	16	0
61	11	0.000112783979014073
61	20	0.0549754783628931
61	12	0.107693751152793
61	38	0.0960153587593781
61	58	0.083182335769132
61	8	0.042327351013915
61	57	0.0474246581541358
61	33	0.0322963856247701
61	35	0.000329912648791868
61	17	0
61	63	0.40043087460602
61	15	0.00209960605729669
61	39	0.00737114581915211
61	61	
61	4	0.00397536935613288
61	7	0.000275126657589477
61	27	0.013634867345218
61	42	0.00981630541855566
61	40	3.36648009595739e-07
61	53	0.0879317461967889
61	44	0.510092827528564
61	54	0.220039093869662
61	31	0.132103053297047
61	66	0.0159052973844864
61	64	0.183021929447378
61	2	0.00397536935613288
61	5	0.156780953242939
61	55	0.0188484787157802
61	32	0.0197193995710027
61	34	0.0537039969070919
61	25	0.38232336438855
61	48	0.133383079936151
61	46	0.0294050295243232
61	45	0.0867111454563636
61	21	0.0848630860530346
61	18	6.22332952610288e-05
61	43	0.000312439935069811
61	29	0.0307218276926156
