1	1	1.0
1	2	0.202130425248
1	3	0.202130425248
1	4	0.202130425248
1	5	0.237491520035
1	6	0.278819650188
1	7	0.42915489787
1	8	0.163468663129
1	9	0.161705637672
1	10	0.0685150535754
1	11	0.0428536883696
1	12	0.0548597240635
1	13	0.13304940555
1	14	0.278756517259
1	15	0.283856885851
1	16	0.165719166103
1	17	0.215841616283
1	18	0.12250460686
1	19	0.232556641042
1	20	0.155702825211
1	21	0.195391030287
1	22	0.104160320034
1	23	0.419996539284
1	24	0.256329581346
1	25	0.112338621053
1	26	0.248479643603
1	27	0.137828047901
1	28	0.139041150578
1	29	0.209707722339
1	30	0.0993663775474
1	31	0.397338584818
1	32	0.0934384731134
1	33	0.199234827951
1	34	0.243582336325
1	35	0.13526205993
1	36	0.127308776916
1	37	0.0961228303047
1	38	0.236749078119
1	39	0.169887966987
1	40	0.121888527864
1	41	0.199187599649
1	42	0.141673621966
1	43	0.0531254125733
1	44	0.199277260699
1	45	0.357371368498
1	46	0.251588169239
1	47	0.195315384713
1	48	0.148211034605
1	49	0.423053604631
1	50	0.0833369621287
1	51	0.16049860246
1	52	0.0409033133755
1	53	0.263949945819
1	54	0.154492377276
1	55	0.389069850492
1	56	0.385861619683
1	57	0.238177481979
1	58	0.10665170951
1	59	0.395562842822
1	60	0.399184926465
1	61	0.15698441681
1	62	0.343798110993
1	63	0.0714054135875
1	64	0.0786770634505
1	65	0.107747705216
1	66	0.0
2	1	0.202130425248
2	2	1.0
2	3	1.0
2	4	1.0
2	5	0.0
2	6	0.0564243185627
2	7	0.290934631152
2	8	0.150230349778
2	9	0.140163014197
2	10	0.074316856461
2	11	0.0929650125393
2	12	0.0595052039802
2	13	0.15156951536
2	14	0.100787136061
2	15	0.17767625486
2	16	0.119834759783
2	17	0.0
2	18	0.0
2	19	0.27539152561
2	20	0.0
2	21	0.100430648912
2	22	0.0564902685539
2	23	0.388387237755
2	24	0.15887735789
2	25	0.313815140754
2	26	0.0898402372592
2	27	0.0830551237173
2	28	0.0754075249924
2	29	0.141173979053
2	30	0.0538903235996
2	31	0.33863100502
2	32	0.141285410363
2	33	0.192654127372
2	34	0.204638531239
2	35	0.0
2	36	0.1380891878
2	37	0.0
2	38	0.0458804071361
2	39	0.138148869588
2	40	0.0926877226557
2	41	0.0712449698305
2	42	0.0312829361855
2	43	0.0576240323055
2	44	0.0308788440464
2	45	0.218320187244
2	46	0.114520510447
2	47	0.167304650592
2	48	0.208490132948
2	49	0.204940900594
2	50	0.156804639297
2	51	0.104453701592
2	52	0.0
2	53	0.140229016477
2	54	0.0
2	55	0.241694829356
2	56	0.102957861814
2	57	0.0
2	58	0.100077472298
2	59	0.279962134661
2	60	0.13673292756
2	61	0.150528897668
2	62	0.125945735166
2	63	0.0360903040528
2	64	0.0
2	65	0.111445764171
2	66	0.0
3	1	0.202130425248
3	2	1.0
3	3	1.0
3	4	1.0
3	5	0.0
3	6	0.0564243185627
3	7	0.290934631152
3	8	0.150230349778
3	9	0.140163014197
3	10	0.074316856461
3	11	0.0929650125393
3	12	0.0595052039802
3	13	0.15156951536
3	14	0.100787136061
3	15	0.17767625486
3	16	0.119834759783
3	17	0.0
3	18	0.0
3	19	0.27539152561
3	20	0.0
3	21	0.100430648912
3	22	0.0564902685539
3	23	0.388387237755
3	24	0.15887735789
3	25	0.313815140754
3	26	0.0898402372592
3	27	0.0830551237173
3	28	0.0754075249924
3	29	0.141173979053
3	30	0.0538903235996
3	31	0.33863100502
3	32	0.141285410363
3	33	0.192654127372
3	34	0.204638531239
3	35	0.0
3	36	0.1380891878
3	37	0.0
3	38	0.0458804071361
3	39	0.138148869588
3	40	0.0926877226557
3	41	0.0712449698305
3	42	0.0312829361855
3	43	0.0576240323055
3	44	0.0308788440464
3	45	0.218320187244
3	46	0.114520510447
3	47	0.167304650592
3	48	0.208490132948
3	49	0.204940900594
3	50	0.156804639297
3	51	0.104453701592
3	52	0.0
3	53	0.140229016477
3	54	0.0
3	55	0.241694829356
3	56	0.102957861814
3	57	0.0
3	58	0.100077472298
3	59	0.279962134661
3	60	0.13673292756
3	61	0.150528897668
3	62	0.125945735166
3	63	0.0360903040528
3	64	0.0
3	65	0.111445764171
3	66	0.0
4	1	0.202130425248
4	2	1.0
4	3	1.0
4	4	1.0
4	5	0.0
4	6	0.0564243185627
4	7	0.290934631152
4	8	0.150230349778
4	9	0.140163014197
4	10	0.074316856461
4	11	0.0929650125393
4	12	0.0595052039802
4	13	0.15156951536
4	14	0.100787136061
4	15	0.17767625486
4	16	0.119834759783
4	17	0.0
4	18	0.0
4	19	0.27539152561
4	20	0.0
4	21	0.100430648912
4	22	0.0564902685539
4	23	0.388387237755
4	24	0.15887735789
4	25	0.313815140754
4	26	0.0898402372592
4	27	0.0830551237173
4	28	0.0754075249924
4	29	0.141173979053
4	30	0.0538903235996
4	31	0.33863100502
4	32	0.141285410363
4	33	0.192654127372
4	34	0.204638531239
4	35	0.0
4	36	0.1380891878
4	37	0.0
4	38	0.0458804071361
4	39	0.138148869588
4	40	0.0926877226557
4	41	0.0712449698305
4	42	0.0312829361855
4	43	0.0576240323055
4	44	0.0308788440464
4	45	0.218320187244
4	46	0.114520510447
4	47	0.167304650592
4	48	0.208490132948
4	49	0.204940900594
4	50	0.156804639297
4	51	0.104453701592
4	52	0.0
4	53	0.140229016477
4	54	0.0
4	55	0.241694829356
4	56	0.102957861814
4	57	0.0
4	58	0.100077472298
4	59	0.279962134661
4	60	0.13673292756
4	61	0.150528897668
4	62	0.125945735166
4	63	0.0360903040528
4	64	0.0
4	65	0.111445764171
4	66	0.0
5	1	0.237491520035
5	2	0.0
5	3	0.0
5	4	0.0
5	5	1.0
5	6	0.265181200029
5	7	0.334831644502
5	8	0.412344482003
5	9	0.199268113776
5	10	0.256589961441
5	11	0.320975484147
5	12	0.342417560025
5	13	0.387544991791
5	14	0.173991262461
5	15	0.379756992532
5	16	0.137915756291
5	17	0.269443424519
5	18	0.344086270575
5	19	0.350306869017
5	20	0.282361061594
5	21	0.464086293712
5	22	0.260054699482
5	23	0.165567757428
5	24	0.274273812674
5	25	0.148928557884
5	26	0.465280101553
5	27	0.458816198789
5	28	0.0867852187314
5	29	0.366500746981
5	30	0.248085772425
5	31	0.212577042431
5	32	0.418603933549
5	33	0.464084810997
5	34	0.115020465697
5	35	0.114571653339
5	36	0.437042271502
5	37	0.168986328363
5	38	0.438554725369
5	39	0.208680379603
5	40	0.355035697719
5	41	0.292063176743
5	42	0.378041270094
5	43	0.265274015999
5	44	0.426455142509
5	45	0.306192916906
5	46	0.311206284004
5	47	0.288822051205
5	48	0.344521142423
5	49	0.330208122354
5	50	0.133756390228
5	51	0.360641885841
5	52	0.306367113624
5	53	0.370689444182
5	54	0.377522806823
5	55	0.346145493285
5	56	0.414723490196
5	57	0.292563200525
5	58	0.0424552541946
5	59	0.241652690784
5	60	0.452365738295
5	61	0.158158432487
5	62	0.28203624477
5	63	0.24921424738
5	64	0.349842098252
5	65	0.176314451411
5	66	0.0848255723976
6	1	0.278819650188
6	2	0.0564243185627
6	3	0.0564243185627
6	4	0.0564243185627
6	5	0.265181200029
6	6	1.0
6	7	0.24702063492
6	8	0.306510549053
6	9	0.106942733246
6	10	0.306013522074
6	11	0.245182023833
6	12	0.0612559448787
6	13	0.297123880647
6	14	0.0526597854405
6	15	0.315645538317
6	16	0.193618311523
6	17	0.241007084437
6	18	0.275124963992
6	19	0.417170706213
6	20	0.168374285708
6	21	0.145448078536
6	22	0.313255586431
6	23	0.0994750732877
6	24	0.081775895438
6	25	0.12543643805
6	26	0.138725227039
6	27	0.291212283228
6	28	0.0776261383107
6	29	0.284595453496
6	30	0.16726552238
6	31	0.0671296565028
6	32	0.344606362636
6	33	0.332961158156
6	34	0.0514407563251
6	35	0.0482495107069
6	36	0.296164889837
6	37	0.312591595662
6	38	0.174342591033
6	39	0.187361640773
6	40	0.0907331935726
6	41	0.147236112151
6	42	0.159607264133
6	43	0.177958278125
6	44	0.159920429965
6	45	0.150327285037
6	46	0.239065772472
6	47	0.350441748057
6	48	0.205440866879
6	49	0.4311939319
6	50	0.271106717601
6	51	0.286738403102
6	52	0.274723795883
6	53	0.238299986716
6	54	0.112560019038
6	55	0.129192378903
6	56	0.215425054624
6	57	0.0654217152429
6	58	0.0492075067872
6	59	0.301822323552
6	60	0.0938372233408
6	61	0.144163989274
6	62	0.170918585557
6	63	0.266052593059
6	64	0.177723151881
6	65	0.235612551784
6	66	0.0758733078222
7	1	0.42915489787
7	2	0.290934631152
7	3	0.290934631152
7	4	0.290934631152
7	5	0.334831644502
7	6	0.24702063492
7	7	1.0
7	8	0.313716223269
7	9	0.367611524534
7	10	0.315572907002
7	11	0.351530848467
7	12	0.18950845504
7	13	0.306405567049
7	14	0.481470858812
7	15	0.511961544271
7	16	0.389527030667
7	17	0.248535769689
7	18	0.211591100554
7	19	0.452374380495
7	20	0.347268071327
7	21	0.399977732141
7	22	0.359813354207
7	23	0.687241841053
7	24	0.505982680853
7	25	0.388064629935
7	26	0.524548884441
7	27	0.530165860729
7	28	0.320204230977
7	29	0.434650962783
7	30	0.286044224814
7	31	0.653606583683
7	32	0.425575339058
7	33	0.368940586357
7	34	0.424381482279
7	35	0.149270250399
7	36	0.478812504176
7	37	0.162314454208
7	38	0.359577563068
7	39	0.336853434066
7	40	0.374270227841
7	41	0.340344791518
7	42	0.255669362309
7	43	0.305862361747
7	44	0.461059390579
7	45	0.560605690186
7	46	0.405241961181
7	47	0.582727257154
7	48	0.370752408235
7	49	0.658076777601
7	50	0.219337720293
7	51	0.443543495086
7	52	0.23549528232
7	53	0.341925532195
7	54	0.406266764382
7	55	0.668865615014
7	56	0.546489607115
7	57	0.40479232526
7	58	0.199021500797
7	59	0.603614285208
7	60	0.604803448593
7	61	0.11670881283
7	62	0.390227161596
7	63	0.229876289987
7	64	0.27178351689
7	65	0.19718083626
7	66	0.0782434715663
8	1	0.163468663129
8	2	0.150230349778
8	3	0.150230349778
8	4	0.150230349778
8	5	0.412344482003
8	6	0.306510549053
8	7	0.313716223269
8	8	1.0
8	9	0.419815375593
8	10	0.200340566555
8	11	0.300733871191
8	12	0.256658999771
8	13	0.347602490086
8	14	0.327268918062
8	15	0.468196754987
8	16	0.486032827473
8	17	0.0
8	18	0.563364282651
8	19	0.494578356367
8	20	0.176369721512
8	21	0.459187836705
8	22	0.153226831528
8	23	0.36313358736
8	24	0.171318225276
8	25	0.0667129693533
8	26	0.411719444435
8	27	0.45742594961
8	28	0.0813122997871
8	29	0.295444153517
8	30	0.320922658237
8	31	0.415692376676
8	32	0.303067961438
8	33	0.47630169301
8	34	0.19717710047
8	35	0.102726993623
8	36	0.525735022073
8	37	0.423407937237
8	38	0.414564717597
8	39	0.318828118932
8	40	0.332646152306
8	41	0.462697489661
8	42	0.468128990731
8	43	0.249506515162
8	44	0.40146902264
8	45	0.388849351697
8	46	0.308720054073
8	47	0.409100374103
8	48	0.35194357417
8	49	0.556322559763
8	50	0.405495772591
8	51	0.397638264951
8	52	0.312051219909
8	53	0.35636017609
8	54	0.412667688222
8	55	0.386450214458
8	56	0.390890740586
8	57	0.274113345746
8	58	0.0676401801323
8	59	0.377355658882
8	60	0.431555749929
8	61	0.389783315178
8	62	0.509667699312
8	63	0.315219827148
8	64	0.442921797912
8	65	0.366449504937
8	66	0.0794762342393
9	1	0.161705637672
9	2	0.140163014197
9	3	0.140163014197
9	4	0.140163014197
9	5	0.199268113776
9	6	0.106942733246
9	7	0.367611524534
9	8	0.419815375593
9	9	1.0
9	10	0.14085500647
9	11	0.381765422772
9	12	0.18797004903
9	13	0.223873437063
9	14	0.28861066851
9	15	0.339437086967
9	16	0.378544130012
9	17	0.0
9	18	0.330213807002
9	19	0.373067515009
9	20	0.313368684188
9	21	0.357282399753
9	22	0.249824703981
9	23	0.379422532104
9	24	0.225843829442
9	25	0.153965747861
9	26	0.342401967563
9	27	0.432604434311
9	28	0.095281455886
9	29	0.229932010912
9	30	0.245890721141
9	31	0.390246937367
9	32	0.336964453451
9	33	0.344555169813
9	34	0.264124118068
9	35	0.0592233972472
9	36	0.414726797993
9	37	0.371527091744
9	38	0.24074452614
9	39	0.24534276869
9	40	0.334108753917
9	41	0.270065531948
9	42	0.188659706667
9	43	0.254838703753
9	44	0.351153693932
9	45	0.444601458143
9	46	0.265288489927
9	47	0.369947212847
9	48	0.347204919283
9	49	0.33663997851
9	50	0.279923372839
9	51	0.379900211526
9	52	0.313048149763
9	53	0.282526697801
9	54	0.34540177838
9	55	0.464165903371
9	56	0.295428360249
9	57	0.200753135817
9	58	0.0888326410806
9	59	0.397965584461
9	60	0.316743889232
9	61	0.192137047309
9	62	0.361255389742
9	63	0.27831806967
9	64	0.298789140833
9	65	0.310992624569
9	66	0.186259921967
10	1	0.0685150535754
10	2	0.074316856461
10	3	0.074316856461
10	4	0.074316856461
10	5	0.256589961441
10	6	0.306013522074
10	7	0.315572907002
10	8	0.200340566555
10	9	0.14085500647
10	10	1.0
10	11	0.252094767305
10	12	0.0806806245764
10	13	0.456567881432
10	14	0.0683265373675
10	15	0.275318656533
10	16	0.0812394767057
10	17	0.317432081705
10	18	0.180164015836
10	19	0.371427786666
10	20	0.332650387495
10	21	0.223499103912
10	22	0.229778398084
10	23	0.0650186187787
10	24	0.107707592011
10	25	0.165213191741
10	26	0.243621262321
10	27	0.360355131723
10	28	0.306725755423
10	29	0.185046683762
10	30	0.29453169033
10	31	0.0417396052759
10	32	0.448325919097
10	33	0.399841380895
10	34	0.203258917508
10	35	0.254199044161
10	36	0.280844056664
10	37	0.199083284693
10	38	0.287034776026
10	39	0.368770442774
10	40	0.119505310737
10	41	0.339587934221
10	42	0.228423445255
10	43	0.312520089407
10	44	0.167469347702
10	45	0.260367469951
10	46	0.362305030158
10	47	0.453682797518
10	48	0.338234466184
10	49	0.389019148869
10	50	0.105052528107
10	51	0.28324883607
10	52	0.240621324785
10	53	0.249548749597
10	54	0.370633930156
10	55	0.121323991103
10	56	0.348990678151
10	57	0.344669557027
10	58	0.0353044472014
10	59	0.284691737503
10	60	0.154492062008
10	61	0.149061527266
10	62	0.110755906617
10	63	0.34253336753
10	64	0.233206533842
10	65	0.201472885467
10	66	0.0999332534318
11	1	0.0428536883696
11	2	0.0929650125393
11	3	0.0929650125393
11	4	0.0929650125393
11	5	0.320975484147
11	6	0.245182023833
11	7	0.351530848467
11	8	0.300733871191
11	9	0.381765422772
11	10	0.252094767305
11	11	1.0
11	12	0.151388439298
11	13	0.3263619422
11	14	0.0
11	15	0.301353261276
11	16	0.348396118888
11	17	0.0
11	18	0.25354367283
11	19	0.542067514299
11	20	0.346767980121
11	21	0.381907155292
11	22	0.436097844005
11	23	0.183000576791
11	24	0.239261154468
11	25	0.15500231549
11	26	0.342846651933
11	27	0.591646397286
11	28	0.0
11	29	0.231480018068
11	30	0.182804672248
11	31	0.182746295985
11	32	0.595816472524
11	33	0.521440834378
11	34	0.0847540684338
11	35	0.0
11	36	0.468420804156
11	37	0.342342065614
11	38	0.323153770772
11	39	0.192210480396
11	40	0.298985001258
11	41	0.24167443224
11	42	0.180407039306
11	43	0.439807532783
11	44	0.451118974346
11	45	0.264631960196
11	46	0.323726706696
11	47	0.394569924175
11	48	0.380796169249
11	49	0.317145499537
11	50	0.186168579359
11	51	0.354323808231
11	52	0.413874827583
11	53	0.195104648362
11	54	0.370908992713
11	55	0.331965202377
11	56	0.174624839184
11	57	0.107789171989
11	58	0.0397469790807
11	59	0.422841233897
11	60	0.251235914912
11	61	0.0932325949412
11	62	0.277095257731
11	63	0.367272402336
11	64	0.332724874868
11	65	0.252028008392
11	66	0.250018544938
12	1	0.0548597240635
12	2	0.0595052039802
12	3	0.0595052039802
12	4	0.0595052039802
12	5	0.342417560025
12	6	0.0612559448787
12	7	0.18950845504
12	8	0.256658999771
12	9	0.18797004903
12	10	0.0806806245764
12	11	0.151388439298
12	12	1.0
12	13	0.156673731963
12	14	0.164126339713
12	15	0.280930113363
12	16	0.0
12	17	0.0
12	18	0.144256592956
12	19	0.165222619156
12	20	0.0887839363532
12	21	0.255649744716
12	22	0.183982626545
12	23	0.208240571907
12	24	0.431205149009
12	25	0.198428293585
12	26	0.243833189378
12	27	0.25246802421
12	28	0.0818646872845
12	29	0.444498375773
12	30	0.117009926783
12	31	0.167103658865
12	32	0.215383641364
12	33	0.145115104226
12	34	0.0542495288555
12	35	0.0
12	36	0.374784485293
12	37	0.159405174395
12	38	0.183862059944
12	39	0.14763649503
12	40	0.334905952805
12	41	0.0386728458224
12	42	0.194512996207
12	43	0.187675171088
12	44	0.234661041889
12	45	0.208475171677
12	46	0.124326925945
12	47	0.227038728949
12	48	0.162493774859
12	49	0.266988039838
12	50	0.112153507945
12	51	0.188996823535
12	52	0.161706298638
12	53	0.349672166197
12	54	0.118706030724
12	55	0.226668458429
12	56	0.167661247901
12	57	0.0689938772754
12	58	0.0961116315919
12	59	0.0759838378458
12	60	0.0989609313514
12	61	0.179029435743
12	62	0.0443409014393
12	63	0.117542173235
12	64	0.092647006574
12	65	0.201648147492
12	66	0.0800161485973
13	1	0.13304940555
13	2	0.15156951536
13	3	0.15156951536
13	4	0.15156951536
13	5	0.387544991791
13	6	0.297123880647
13	7	0.306405567049
13	8	0.347602490086
13	9	0.223873437063
13	10	0.456567881432
13	11	0.3263619422
13	12	0.156673731963
13	13	1.0
13	14	0.088455550575
13	15	0.334150869744
13	16	0.0525863223668
13	17	0.205473822026
13	18	0.329995715189
13	19	0.454136579351
13	20	0.215324633068
13	21	0.462165720526
13	22	0.247892638008
13	23	0.106217883848
13	24	0.209157409101
13	25	0.219402940587
13	26	0.354816158343
13	27	0.437358594577
13	28	0.274703992306
13	29	0.416613565191
13	30	0.245703869784
13	31	0.0810541535041
13	32	0.525357252156
13	33	0.522141678717
13	34	0.351745025153
13	35	0.0822715348722
13	36	0.333282380421
13	37	0.214777720783
13	38	0.371595285314
13	39	0.318273531858
13	40	0.156552349741
13	41	0.354258690963
13	42	0.262080940261
13	43	0.354015005507
13	44	0.354575680424
13	45	0.275876053361
13	46	0.450091104381
13	47	0.293668925625
13	48	0.350302732524
13	49	0.470659194143
13	50	0.173828842977
13	51	0.336136172715
13	52	0.272569868326
13	53	0.376317139601
13	54	0.287893661381
13	55	0.21212279699
13	56	0.316262387054
13	57	0.167328482138
13	58	0.045705145252
13	59	0.245707991411
13	60	0.366924688336
13	61	0.222075433392
13	62	0.250923087634
13	63	0.348420108379
13	64	0.224693604663
13	65	0.340196600923
13	66	0.129373612269
14	1	0.278756517259
14	2	0.100787136061
14	3	0.100787136061
14	4	0.100787136061
14	5	0.173991262461
14	6	0.0526597854405
14	7	0.481470858812
14	8	0.327268918062
14	9	0.28861066851
14	10	0.0683265373675
14	11	0.0
14	12	0.164126339713
14	13	0.088455550575
14	14	1.0
14	15	0.443743643695
14	16	0.386446189711
14	17	0.0
14	18	0.336883366582
14	19	0.168330503852
14	20	0.230463458548
14	21	0.346406080559
14	22	0.103873727417
14	23	0.551772423661
14	24	0.4747308458
14	25	0.224059052387
14	26	0.539580675085
14	27	0.259856223603
14	28	0.207987877295
14	29	0.335240908956
14	30	0.19893431713
14	31	0.709851552877
14	32	0.184383069935
14	33	0.147844760819
14	34	0.275655956804
14	35	0.0861850018636
14	36	0.254396390458
14	37	0.225673878591
14	38	0.350344093693
14	39	0.292365933137
14	40	0.243106313699
14	41	0.437960102122
14	42	0.27454752558
14	43	0.158937720892
14	44	0.397457915863
14	45	0.441381889475
14	46	0.175482618369
14	47	0.346673671774
14	48	0.366965824843
14	49	0.491034591608
14	50	0.191092169893
14	51	0.320113994988
14	52	0.0848539620813
14	53	0.253825023458
14	54	0.351852781298
14	55	0.5524631838
14	56	0.425965189783
14	57	0.292146519598
14	58	0.201936743164
14	59	0.386093630025
14	60	0.523798139997
14	61	0.303613374978
14	62	0.41306401661
14	63	0.132724963132
14	64	0.392895481952
14	65	0.17128698511
14	66	0.0
15	1	0.283856885851
15	2	0.17767625486
15	3	0.17767625486
15	4	0.17767625486
15	5	0.379756992532
15	6	0.315645538317
15	7	0.511961544271
15	8	0.468196754987
15	9	0.339437086967
15	10	0.275318656533
15	11	0.301353261276
15	12	0.280930113363
15	13	0.334150869744
15	14	0.443743643695
15	15	1.0
15	16	0.277885966772
15	17	0.108416363846
15	18	0.492733228183
15	19	0.508081732872
15	20	0.189356755469
15	21	0.39257647152
15	22	0.287756172433
15	23	0.544396726993
15	24	0.478226556314
15	25	0.456411827549
15	26	0.644853278148
15	27	0.584967056934
15	28	0.209519409143
15	29	0.400592472901
15	30	0.274889233354
15	31	0.513425027693
15	32	0.428741871253
15	33	0.557668007668
15	34	0.208264325116
15	35	0.180651384215
15	36	0.52879100818
15	37	0.299975512957
15	38	0.509778929855
15	39	0.399810129196
15	40	0.388384238971
15	41	0.401923654971
15	42	0.345711466992
15	43	0.453639528324
15	44	0.48618132706
15	45	0.555790041057
15	46	0.388904550524
15	47	0.50388556541
15	48	0.416591475374
15	49	0.571236637156
15	50	0.54644881977
15	51	0.631515297703
15	52	0.329039407732
15	53	0.36223328003
15	54	0.379761076539
15	55	0.566308800686
15	56	0.600258269189
15	57	0.264867983022
15	58	0.200466472612
15	59	0.326224516902
15	60	0.485442747775
15	61	0.30687950416
15	62	0.37950953167
15	63	0.351485702772
15	64	0.320553512131
15	65	0.383570607638
15	66	0.0682627912476
16	1	0.165719166103
16	2	0.119834759783
16	3	0.119834759783
16	4	0.119834759783
16	5	0.137915756291
16	6	0.193618311523
16	7	0.389527030667
16	8	0.486032827473
16	9	0.378544130012
16	10	0.0812394767057
16	11	0.348396118888
16	12	0.0
16	13	0.0525863223668
16	14	0.386446189711
16	15	0.277885966772
16	16	1.0
16	17	0.0
16	18	0.327922586677
16	19	0.266689884778
16	20	0.178797835715
16	21	0.257420559022
16	22	0.06175234092
16	23	0.367737023642
16	24	0.0434191986517
16	25	0.0
16	26	0.245522153708
16	27	0.254491069273
16	28	0.0824317410852
16	29	0.100212771076
16	30	0.236530643072
16	31	0.471639484169
16	32	0.149064371446
16	33	0.26345790661
16	34	0.218501200698
16	35	0.10247298811
16	36	0.346615008417
16	37	0.435465292748
16	38	0.185135621028
16	39	0.19896064132
16	40	0.289050645176
16	41	0.389995391738
16	42	0.22850372224
16	43	0.0629917148424
16	44	0.270041683792
16	45	0.341118733971
16	46	0.208646839669
16	47	0.37213655181
16	48	0.272698873012
16	49	0.410163837383
16	50	0.313379869003
16	51	0.22836714203
16	52	0.194731603492
16	53	0.100598356437
16	54	0.358584822631
16	55	0.395307849675
16	56	0.28137098415
16	57	0.277887114295
16	58	0.0570998361799
16	59	0.545055352614
16	60	0.402812061308
16	61	0.210768251488
16	62	0.446480384666
16	63	0.118356355006
16	64	0.327215144819
16	65	0.163049297822
16	66	0.0805703980873
17	1	0.215841616283
17	2	0.0
17	3	0.0
17	4	0.0
17	5	0.269443424519
17	6	0.241007084437
17	7	0.248535769689
17	8	0.0
17	9	0.0
17	10	0.317432081705
17	11	0.0
17	12	0.0
17	13	0.205473822026
17	14	0.0
17	15	0.108416363846
17	16	0.0
17	17	1.0
17	18	0.0
17	19	0.0
17	20	0.349313975773
17	21	0.0
17	22	0.241288778846
17	23	0.102413433496
17	24	0.0
17	25	0.0
17	26	0.0
17	27	0.0
17	28	0.322090690787
17	29	0.194316300953
17	30	0.230183546757
17	31	0.0
17	32	0.141235226348
17	33	0.114188976259
17	34	0.0
17	35	0.200199553551
17	36	0.0
17	37	0.0
17	38	0.180847993992
17	39	0.0
17	40	0.0
17	41	0.0
17	42	0.0
17	43	0.0
17	44	0.0
17	45	0.102528810475
17	46	0.163051765824
17	47	0.178653491434
17	48	0.0
17	49	0.175074188549
17	50	0.0
17	51	0.148718866383
17	52	0.189506148443
17	53	0.196537120836
17	54	0.0
17	55	0.0
17	56	0.219883684268
17	57	0.271451419761
17	58	0.0
17	59	0.0
17	60	0.0973386566209
17	61	0.0
17	62	0.0
17	63	0.0
17	64	0.0
17	65	0.0
17	66	0.0
18	1	0.12250460686
18	2	0.0
18	3	0.0
18	4	0.0
18	5	0.344086270575
18	6	0.275124963992
18	7	0.211591100554
18	8	0.563364282651
18	9	0.330213807002
18	10	0.180164015836
18	11	0.25354367283
18	12	0.144256592956
18	13	0.329995715189
18	14	0.336883366582
18	15	0.492733228183
18	16	0.327922586677
18	17	0.0
18	18	1.0
18	19	0.448150258275
18	20	0.0991295654882
18	21	0.460457201739
18	22	0.102710684927
18	23	0.233383956375
18	24	0.144435516648
18	25	0.0738501104729
18	26	0.490042933366
18	27	0.433354216386
18	28	0.0
18	29	0.221408000671
18	30	0.229614726429
18	31	0.299084523993
18	32	0.300601770696
18	33	0.470361299981
18	34	0.130792426002
18	35	0.028406671549
18	36	0.421998274823
18	37	0.386967484582
18	38	0.463076876428
18	39	0.364794434372
18	40	0.240384326346
18	41	0.411181017474
18	42	0.439391265369
18	43	0.244468223437
18	44	0.411722353043
18	45	0.349371634474
18	46	0.208221351525
18	47	0.304959322032
18	48	0.427538251974
18	49	0.374124693222
18	50	0.337835262074
18	51	0.380154462696
18	52	0.269705944172
18	53	0.382998698527
18	54	0.364480487767
18	55	0.44538347747
18	56	0.405595943314
18	57	0.192583629331
18	58	0.0633148821664
18	59	0.254513771494
18	60	0.400535109891
18	61	0.365177656391
18	62	0.446317670424
18	63	0.306554437618
18	64	0.31110956756
18	65	0.267411784003
18	66	0.0893401032698
19	1	0.232556641042
19	2	0.27539152561
19	3	0.27539152561
19	4	0.27539152561
19	5	0.350306869017
19	6	0.417170706213
19	7	0.452374380495
19	8	0.494578356367
19	9	0.373067515009
19	10	0.371427786666
19	11	0.542067514299
19	12	0.165222619156
19	13	0.454136579351
19	14	0.168330503852
19	15	0.508081732872
19	16	0.266689884778
19	17	0.0
19	18	0.448150258275
19	19	1.0
19	20	0.320860742327
19	21	0.434406617417
19	22	0.417681421813
19	23	0.320593564196
19	24	0.28674108205
19	25	0.305547122115
19	26	0.473957112893
19	27	0.66472527012
19	28	0.041875425845
19	29	0.303541338318
19	30	0.209937236341
19	31	0.342165676737
19	32	0.587589562002
19	33	0.608904331888
19	34	0.229969953807
19	35	0.055446330358
19	36	0.577198629371
19	37	0.306225237316
19	38	0.426207382354
19	39	0.383514061
19	40	0.269203152572
19	41	0.397837852425
19	42	0.28551746339
19	43	0.480988283622
19	44	0.412075167564
19	45	0.349233585115
19	46	0.404153290675
19	47	0.513575501323
19	48	0.562456902216
19	49	0.550797601942
19	50	0.332227073539
19	51	0.483378287477
19	52	0.419217095976
19	53	0.338644172245
19	54	0.460513886708
19	55	0.4332203504
19	56	0.315345625646
19	57	0.143465203547
19	58	0.101394843036
19	59	0.505274297683
19	60	0.366998601945
19	61	0.16882481029
19	62	0.386283278348
19	63	0.421178934144
19	64	0.308398089795
19	65	0.356202124327
19	66	0.163719445252
20	1	0.155702825211
20	2	0.0
20	3	0.0
20	4	0.0
20	5	0.282361061594
20	6	0.168374285708
20	7	0.347268071327
20	8	0.176369721512
20	9	0.313368684188
20	10	0.332650387495
20	11	0.346767980121
20	12	0.0887839363532
20	13	0.215324633068
20	14	0.230463458548
20	15	0.189356755469
20	16	0.178797835715
20	17	0.349313975773
20	18	0.0991295654882
20	19	0.320860742327
20	20	1.0
20	21	0.245946660935
20	22	0.337142170593
20	23	0.143097774509
20	24	0.177788112897
20	25	0.0909033462327
20	26	0.339476802745
20	27	0.396548083848
20	28	0.225021559516
20	29	0.20363219893
20	30	0.241218989625
20	31	0.186718297968
20	32	0.496567120751
20	33	0.279214637004
20	34	0.303086711633
20	35	0.358770554925
20	36	0.309051162939
20	37	0.146052395024
20	38	0.387264039744
20	39	0.279347855192
20	40	0.263016107228
20	41	0.269211383536
20	42	0.133664523754
20	43	0.343908638197
20	44	0.230361812169
20	45	0.2530354904
20	46	0.406111836628
20	47	0.503313196261
20	48	0.297764549799
20	49	0.30976178963
20	50	0.136125648223
20	51	0.259747892444
20	52	0.47200157329
20	53	0.137306326132
20	54	0.576314933926
20	55	0.222515660994
20	56	0.230425331878
20	57	0.480283691614
20	58	0.0155401265658
20	59	0.313285292913
20	60	0.170008765703
20	61	0.082016402445
20	62	0.121879886471
20	63	0.269240254941
20	64	0.381988399308
20	65	0.110854098702
20	66	0.109970239557
21	1	0.195391030287
21	2	0.100430648912
21	3	0.100430648912
21	4	0.100430648912
21	5	0.464086293712
21	6	0.145448078536
21	7	0.399977732141
21	8	0.459187836705
21	9	0.357282399753
21	10	0.223499103912
21	11	0.381907155292
21	12	0.255649744716
21	13	0.462165720526
21	14	0.346406080559
21	15	0.39257647152
21	16	0.257420559022
21	17	0.0
21	18	0.460457201739
21	19	0.434406617417
21	20	0.245946660935
21	21	1.0
21	22	0.218427122199
21	23	0.362380583636
21	24	0.341289108087
21	25	0.130876249763
21	26	0.501769960265
21	27	0.528102909293
21	28	0.0999001108568
21	29	0.312720351966
21	30	0.305498368673
21	31	0.330646902195
21	32	0.518516873052
21	33	0.492233315153
21	34	0.223278064316
21	35	0.0402735607763
21	36	0.445174168633
21	37	0.402448556359
21	38	0.438089044634
21	39	0.335120337648
21	40	0.372589988948
21	41	0.375978793036
21	42	0.479089102954
21	43	0.321838068135
21	44	0.547783521627
21	45	0.433133862396
21	46	0.278805512874
21	47	0.341422421362
21	48	0.473934541954
21	49	0.460794166286
21	50	0.192184668757
21	51	0.373966762015
21	52	0.247795597613
21	53	0.416789434169
21	54	0.42278910513
21	55	0.493245344745
21	56	0.420216919906
21	57	0.245731909784
21	58	0.0880727236803
21	59	0.330767175876
21	60	0.502446345338
21	61	0.303218598298
21	62	0.421137829327
21	63	0.360067345879
21	64	0.40330403921
21	65	0.242712900853
21	66	0.158327422864
22	1	0.104160320034
22	2	0.0564902685539
22	3	0.0564902685539
22	4	0.0564902685539
22	5	0.260054699482
22	6	0.313255586431
22	7	0.359813354207
22	8	0.153226831528
22	9	0.249824703981
22	10	0.229778398084
22	11	0.436097844005
22	12	0.183982626545
22	13	0.247892638008
22	14	0.103873727417
22	15	0.287756172433
22	16	0.06175234092
22	17	0.241288778846
22	18	0.102710684927
22	19	0.417681421813
22	20	0.337142170593
22	21	0.218427122199
22	22	1.0
22	23	0.247112123058
22	24	0.372645962953
22	25	0.251166101866
22	26	0.324769802033
22	27	0.465431049334
22	28	0.155433738915
22	29	0.328204400768
22	30	0.226807147269
22	31	0.22536595694
22	32	0.408941703546
22	33	0.33293416812
22	34	0.103001762837
22	35	0.0483059058019
22	36	0.320215835374
22	37	0.100885754614
22	38	0.351102194282
22	39	0.187580633201
22	40	0.227098111339
22	41	0.14798979136
22	42	0.12452234778
22	43	0.550437702395
22	44	0.386643658822
22	45	0.248156079081
22	46	0.318030320762
22	47	0.344856662277
22	48	0.257101238384
22	49	0.295704060138
22	50	0.133088817433
22	51	0.32295774295
22	52	0.320079949991
22	53	0.23857851701
22	54	0.291288433541
22	55	0.307869892471
22	56	0.159166396996
22	57	0.130996363181
22	58	0.102057384058
22	59	0.216401950681
22	60	0.213804216177
22	61	0.0858558757542
22	62	0.169679800211
22	63	0.266679452552
22	64	0.274996893522
22	65	0.191431290766
22	66	0.151923980444
23	1	0.419996539284
23	2	0.388387237755
23	3	0.388387237755
23	4	0.388387237755
23	5	0.165567757428
23	6	0.0994750732877
23	7	0.687241841053
23	8	0.36313358736
23	9	0.379422532104
23	10	0.0650186187787
23	11	0.183000576791
23	12	0.208240571907
23	13	0.106217883848
23	14	0.551772423661
23	15	0.544396726993
23	16	0.367737023642
23	17	0.102413433496
23	18	0.233383956375
23	19	0.320593564196
23	20	0.143097774509
23	21	0.362380583636
23	22	0.247112123058
23	23	1.0
23	24	0.608121663108
23	25	0.373120293763
23	26	0.471598645221
23	27	0.428934675185
23	28	0.296877721866
23	29	0.420567381081
23	30	0.354320446028
23	31	0.714130830668
23	32	0.216965766914
23	33	0.364089112746
23	34	0.328928467759
23	35	0.0615093709909
23	36	0.347790703754
23	37	0.193338096297
23	38	0.203733904063
23	39	0.298040973714
23	40	0.368272510182
23	41	0.23421226485
23	42	0.170437919301
23	43	0.226864513022
23	44	0.297169427434
23	45	0.704521400608
23	46	0.300576441162
23	47	0.457965649959
23	48	0.197463558644
23	49	0.538981742603
23	50	0.272765793157
23	51	0.396001053032
23	52	0.155850091667
23	53	0.362304744377
23	54	0.215240399384
23	55	0.652381365466
23	56	0.427861818439
23	57	0.222402175402
23	58	0.259836690998
23	59	0.275551149422
23	60	0.478501729751
23	61	0.146884869869
23	62	0.303732966224
23	63	0.189448948669
23	64	0.18721897201
23	65	0.227995804043
23	66	0.0644831332071
24	1	0.256329581346
24	2	0.15887735789
24	3	0.15887735789
24	4	0.15887735789
24	5	0.274273812674
24	6	0.081775895438
24	7	0.505982680853
24	8	0.171318225276
24	9	0.225843829442
24	10	0.107707592011
24	11	0.239261154468
24	12	0.431205149009
24	13	0.209157409101
24	14	0.4747308458
24	15	0.478226556314
24	16	0.0434191986517
24	17	0.0
24	18	0.144435516648
24	19	0.28674108205
24	20	0.177788112897
24	21	0.341289108087
24	22	0.372645962953
24	23	0.608121663108
24	24	1.0
24	25	0.441498682844
24	26	0.523544607625
24	27	0.47224770252
24	28	0.218576600874
24	29	0.527466304014
24	30	0.195258426688
24	31	0.446162453676
24	32	0.359417975066
24	33	0.272837451874
24	34	0.181056051296
24	35	0.0
24	36	0.375249336311
24	37	0.106401924739
24	38	0.276135160369
24	39	0.298386041982
24	40	0.319353658914
24	41	0.131227933394
24	42	0.174924377817
24	43	0.467998558663
24	44	0.406955243167
24	45	0.469650930009
24	46	0.338377346632
24	47	0.394021902925
24	48	0.253081606419
24	49	0.445531982083
24	50	0.159081202718
24	51	0.403693310359
24	52	0.128602319024
24	53	0.400120994303
24	54	0.198088772763
24	55	0.475513445186
24	56	0.298434134669
24	57	0.191061805508
24	58	0.23774678202
24	59	0.15215616356
24	60	0.297251022395
24	61	0.119500992488
24	62	0.14798632716
24	63	0.28986859297
24	64	0.25119806044
24	65	0.244528939504
24	66	0.106820525159
25	1	0.112338621053
25	2	0.313815140754
25	3	0.313815140754
25	4	0.313815140754
25	5	0.148928557884
25	6	0.12543643805
25	7	0.388064629935
25	8	0.0667129693533
25	9	0.153965747861
25	10	0.165213191741
25	11	0.15500231549
25	12	0.198428293585
25	13	0.219402940587
25	14	0.224059052387
25	15	0.456411827549
25	16	0.0
25	17	0.0
25	18	0.0738501104729
25	19	0.305547122115
25	20	0.0909033462327
25	21	0.130876249763
25	22	0.251166101866
25	23	0.373120293763
25	24	0.441498682844
25	25	1.0
25	26	0.249653864736
25	27	0.295422658777
25	28	0.167637847974
25	29	0.303406159661
25	30	0.119803134711
25	31	0.273748290648
25	32	0.297826383455
25	33	0.211996983546
25	34	0.224821656528
25	35	0.283783107988
25	36	0.269799297837
25	37	0.110490495417
25	38	0.189707516847
25	39	0.254332678301
25	40	0.197459137738
25	41	0.164517780883
25	42	0.0331927203787
25	43	0.386292654182
25	44	0.205939511914
25	45	0.293496220141
25	46	0.169726402612
25	47	0.373372303931
25	48	0.224469658447
25	49	0.31892170017
25	50	0.258369267698
25	51	0.270911858038
25	52	0.0986318568389
25	53	0.2581622379
25	54	0.0607698636377
25	55	0.40229766003
25	56	0.171663581204
25	57	0.0
25	58	0.185510246196
25	59	0.155595379153
25	60	0.126654102302
25	61	0.221104326214
25	62	0.0453993873371
25	63	0.201821558333
25	64	0.0474293169573
25	65	0.207739616728
25	66	0.0819262578223
26	1	0.248479643603
26	2	0.0898402372592
26	3	0.0898402372592
26	4	0.0898402372592
26	5	0.465280101553
26	6	0.138725227039
26	7	0.524548884441
26	8	0.411719444435
26	9	0.342401967563
26	10	0.243621262321
26	11	0.342846651933
26	12	0.243833189378
26	13	0.354816158343
26	14	0.539580675085
26	15	0.644853278148
26	16	0.245522153708
26	17	0.0
26	18	0.490042933366
26	19	0.473957112893
26	20	0.339476802745
26	21	0.501769960265
26	22	0.324769802033
26	23	0.471598645221
26	24	0.523544607625
26	25	0.249653864736
26	26	1.0
26	27	0.654578066773
26	28	0.185397472074
26	29	0.372832373096
26	30	0.264990258349
26	31	0.556683308714
26	32	0.489540095071
26	33	0.569641875936
26	34	0.245715847569
26	35	0.038412049981
26	36	0.480968320474
26	37	0.160445336207
26	38	0.555709535196
26	39	0.48661716425
26	40	0.397286180411
26	41	0.379520666707
26	42	0.491871676559
26	43	0.571361663377
26	44	0.557121153734
26	45	0.531146181448
26	46	0.40931514346
26	47	0.411336392345
26	48	0.449773749214
26	49	0.436686589463
26	50	0.170017177523
26	51	0.513621212893
26	52	0.329610664974
26	53	0.339384090388
26	54	0.627273253069
26	55	0.660367431662
26	56	0.632832310584
26	57	0.364581425025
26	58	0.1707799682
26	59	0.344158438085
26	60	0.597640068923
26	61	0.13514823837
26	62	0.401672140163
26	63	0.414082086804
26	64	0.384662657412
26	65	0.213112153917
26	66	0.060403706682
27	1	0.137828047901
27	2	0.0830551237173
27	3	0.0830551237173
27	4	0.0830551237173
27	5	0.458816198789
27	6	0.291212283228
27	7	0.530165860729
27	8	0.45742594961
27	9	0.432604434311
27	10	0.360355131723
27	11	0.591646397286
27	12	0.25246802421
27	13	0.437358594577
27	14	0.259856223603
27	15	0.584967056934
27	16	0.254491069273
27	17	0.0
27	18	0.433354216386
27	19	0.66472527012
27	20	0.396548083848
27	21	0.528102909293
27	22	0.465431049334
27	23	0.428934675185
27	24	0.47224770252
27	25	0.295422658777
27	26	0.654578066773
27	27	1.0
27	28	0.137116378583
27	29	0.38624368333
27	30	0.453355793873
27	31	0.373320110185
27	32	0.691436071173
27	33	0.690134407068
27	34	0.272590020797
27	35	0.0568176159946
27	36	0.629218935165
27	37	0.296879695034
27	38	0.436267161425
27	39	0.372699199371
27	40	0.427382054229
27	41	0.389708128879
27	42	0.363474651791
27	43	0.57921043661
27	44	0.545745313532
27	45	0.481736143199
27	46	0.466404406543
27	47	0.583272942508
27	48	0.529674188919
27	49	0.497244384603
27	50	0.282430229244
27	51	0.580348233836
27	52	0.530476793375
27	53	0.348613747578
27	54	0.563330391096
27	55	0.542357659933
27	56	0.437311264934
27	57	0.311021692748
27	58	0.13740195944
27	59	0.403010446088
27	60	0.450793705589
27	61	0.175169403555
27	62	0.346580422002
27	63	0.526074798407
27	64	0.440941531577
27	65	0.329506829997
27	66	0.211047004886
28	1	0.139041150578
28	2	0.0754075249924
28	3	0.0754075249924
28	4	0.0754075249924
28	5	0.0867852187314
28	6	0.0776261383107
28	7	0.320204230977
28	8	0.0813122997871
28	9	0.095281455886
28	10	0.306725755423
28	11	0.0
28	12	0.0818646872845
28	13	0.274703992306
28	14	0.207987877295
28	15	0.209519409143
28	16	0.0824317410852
28	17	0.322090690787
28	18	0.0
28	19	0.041875425845
28	20	0.225021559516
28	21	0.0999001108568
28	22	0.155433738915
28	23	0.296877721866
28	24	0.218576600874
28	25	0.167637847974
28	26	0.185397472074
28	27	0.137116378583
28	28	1.0
28	29	0.322374646027
28	30	0.222419932748
28	31	0.211760862737
28	32	0.136471654853
28	33	0.267826084129
28	34	0.354102652645
28	35	0.257929649994
28	36	0.0949885675577
28	37	0.137874599083
28	38	0.179619191398
28	39	0.31703360451
28	40	0.396278895887
28	41	0.249704111943
28	42	0.0821650468739
28	43	0.158553305231
28	44	0.042481778777
28	45	0.297212178522
28	46	0.375541066091
28	47	0.345255758804
28	48	0.0686396738953
28	49	0.281948831644
28	50	0.0532971355088
28	51	0.143702887219
28	52	0.0610381662603
28	53	0.195201715788
28	54	0.22564399531
28	55	0.205174221277
28	56	0.283289951034
28	57	0.349727901224
28	58	0.107467717748
28	59	0.0962899505946
28	60	0.192838661484
28	61	0.0756245714501
28	62	0.0
28	63	0.200968919871
28	64	0.0587031133111
28	65	0.321056689157
28	66	0.0
29	1	0.209707722339
29	2	0.141173979053
29	3	0.141173979053
29	4	0.141173979053
29	5	0.366500746981
29	6	0.284595453496
29	7	0.434650962783
29	8	0.295444153517
29	9	0.229932010912
29	10	0.185046683762
29	11	0.231480018068
29	12	0.444498375773
29	13	0.416613565191
29	14	0.335240908956
29	15	0.400592472901
29	16	0.100212771076
29	17	0.194316300953
29	18	0.221408000671
29	19	0.303541338318
29	20	0.20363219893
29	21	0.312720351966
29	22	0.328204400768
29	23	0.420567381081
29	24	0.527466304014
29	25	0.303406159661
29	26	0.372832373096
29	27	0.38624368333
29	28	0.322374646027
29	29	1.0
29	30	0.224317669583
29	31	0.332548052584
29	32	0.329331680978
29	33	0.338802332547
29	34	0.213629016882
29	35	0.0389020366985
29	36	0.464469099508
29	37	0.163105571059
29	38	0.352504613006
29	39	0.263935255888
29	40	0.371291734312
29	41	0.217203331746
29	42	0.19904664256
29	43	0.286964131448
29	44	0.385229961432
29	45	0.339307855677
29	46	0.362283284612
29	47	0.418182063188
29	48	0.248460596561
29	49	0.511324222459
29	50	0.161093747723
29	51	0.317883499973
29	52	0.221501006597
29	53	0.383085486281
29	54	0.181507083792
29	55	0.346586695101
29	56	0.299088889168
29	57	0.158242307329
29	58	0.160056747726
29	59	0.174274273244
29	60	0.347000155361
29	61	0.162382853821
29	62	0.169498290522
29	63	0.258909054633
29	64	0.2141232983
29	65	0.353022098942
29	66	0.185415733189
30	1	0.0993663775474
30	2	0.0538903235996
30	3	0.0538903235996
30	4	0.0538903235996
30	5	0.248085772425
30	6	0.16726552238
30	7	0.286044224814
30	8	0.320922658237
30	9	0.245890721141
30	10	0.29453169033
30	11	0.182804672248
30	12	0.117009926783
30	13	0.245703869784
30	14	0.19893431713
30	15	0.274889233354
30	16	0.236530643072
30	17	0.230183546757
30	18	0.229614726429
30	19	0.209937236341
30	20	0.241218989625
30	21	0.305498368673
30	22	0.226807147269
30	23	0.354320446028
30	24	0.195258426688
30	25	0.119803134711
30	26	0.264990258349
30	27	0.453355793873
30	28	0.222419932748
30	29	0.224317669583
30	30	1.0
30	31	0.242594515352
30	32	0.292590227949
30	33	0.371390231417
30	34	0.196522285084
30	35	0.138247929887
30	36	0.272048682802
30	37	0.289454408111
30	38	0.124884698043
30	39	0.223515830309
30	40	0.216645999784
30	41	0.246778710317
30	42	0.23487846684
30	43	0.231359183023
30	44	0.182158754496
30	45	0.388093698724
30	46	0.274199662319
30	47	0.411852079873
30	48	0.147160946007
30	49	0.323610966281
30	50	0.145339199357
30	51	0.239628452936
30	52	0.376666477667
30	53	0.226198057717
30	54	0.268762477105
30	55	0.293257342156
30	56	0.303681637912
30	57	0.249934602291
30	58	0.300555697269
30	59	0.137628084132
30	60	0.206019776521
30	61	0.108499033756
30	62	0.120470750494
30	63	0.248385560139
30	64	0.341059504891
30	65	0.110124112179
30	66	0.0724658660532
31	1	0.397338584818
31	2	0.33863100502
31	3	0.33863100502
31	4	0.33863100502
31	5	0.212577042431
31	6	0.0671296565028
31	7	0.653606583683
31	8	0.415692376676
31	9	0.390246937367
31	10	0.0417396052759
31	11	0.182746295985
31	12	0.167103658865
31	13	0.0810541535041
31	14	0.709851552877
31	15	0.513425027693
31	16	0.471639484169
31	17	0.0
31	18	0.299084523993
31	19	0.342165676737
31	20	0.186718297968
31	21	0.330646902195
31	22	0.22536595694
31	23	0.714130830668
31	24	0.446162453676
31	25	0.273748290648
31	26	0.556683308714
31	27	0.373320110185
31	28	0.211760862737
31	29	0.332548052584
31	30	0.242594515352
31	31	1.0
31	32	0.18692161253
31	33	0.31553914931
31	34	0.308722115873
31	35	0.0526490598981
31	36	0.349299104426
31	37	0.165349699807
31	38	0.309139548741
31	39	0.284759547254
31	40	0.321771270584
31	41	0.420452334624
31	42	0.304735603391
31	43	0.194185099643
31	44	0.452365949203
