1	1	1.0
1	2	0.357320169561
1	3	0.406955139679
1	4	0.233868690742
1	5	0.165106325768
1	6	0.0467928466611
1	7	0.135316333797
1	8	0.040639219409
1	9	0.409095617671
1	10	0.389227009097
1	11	0.0662414137494
1	12	0.211178256992
1	13	0.213028895289
1	14	0.210608027387
1	15	0.157226239262
1	16	0.253187691212
1	17	0.121582267905
1	18	0.0899001556324
1	19	0.142341722592
1	20	0.102874857155
1	21	0.247417043966
1	22	0.27590811012
1	23	0.233868690742
1	24	0.200717717184
1	25	0.383540673873
1	26	0.207813501693
1	27	0.0857265327946
1	28	0.0410592563368
1	29	0.214339518496
1	30	0.149637501855
1	31	0.316664951437
1	32	0.211020165467
1	33	0.407962190588
1	34	0.0
1	35	0.145156215576
1	36	0.199578495683
1	37	0.350407279917
1	38	0.290056409643
1	39	0.0857265327946
2	1	0.357320169561
2	2	1.0
2	3	0.32339057501
2	4	0.160975595367
2	5	0.15543513881
2	6	0.193249630627
2	7	0.129613493783
2	8	0.250740709372
2	9	0.345345443098
2	10	0.278307369067
2	11	0.270832527265
2	12	0.231122796978
2	13	0.146385554825
2	14	0.424836124908
2	15	0.256399437558
2	16	0.251306162969
2	17	0.478582041894
2	18	0.139880720952
2	19	0.497981976979
2	20	0.139532833684
2	21	0.384211138121
2	22	0.210911204883
2	23	0.160975595367
2	24	0.419500198913
2	25	0.153100722737
2	26	0.123245827994
2	27	0.424857114631
2	28	0.206022309234
2	29	0.359574292736
2	30	0.135117004582
2	31	0.124465936872
2	32	0.177298168405
2	33	0.583250684677
2	34	0.0922314061197
2	35	0.321191611886
2	36	0.205284479546
2	37	0.348406661925
2	38	0.283266956973
2	39	0.424857114631
3	1	0.406955139679
3	2	0.32339057501
3	3	1.0
3	4	0.301172938637
3	5	0.123699228079
3	6	0.320387222082
3	7	0.351428379246
3	8	0.37243159888
3	9	0.45195231214
3	10	0.530647185054
3	11	0.276653364815
3	12	0.364205855842
3	13	0.412680421989
3	14	0.43250851069
3	15	0.38061254235
3	16	0.383282445641
3	17	0.378944575359
3	18	0.270060475655
3	19	0.286519651506
3	20	0.297447425955
3	21	0.369614203105
3	22	0.38925648969
3	23	0.301172938637
3	24	0.432688938585
3	25	0.226220525518
3	26	0.313402809964
3	27	0.274408445541
3	28	0.323561781466
3	29	0.361940936564
3	30	0.214841223997
3	31	0.303915377824
3	32	0.195306502128
3	33	0.519223367345
3	34	0.103855527928
3	35	0.243898939847
3	36	0.337898914916
3	37	0.432346036793
3	38	0.434862331797
3	39	0.274408445541
4	1	0.233868690742
4	2	0.160975595367
4	3	0.301172938637
4	4	1.0
4	5	0.0
4	6	0.249476280682
4	7	0.0705619564762
4	8	0.136593858689
4	9	0.246759248253
4	10	0.305904880043
4	11	0.338223205774
4	12	0.192667864131
4	13	0.309916111733
4	14	0.217401636957
4	15	0.228156223423
4	16	0.442007332532
4	17	0.110001773312
4	18	0.0584644209795
4	19	0.118635250068
4	20	0.230755492892
4	21	0.38660680407
4	22	0.501771696162
4	23	1.0
4	24	0.359877979812
4	25	0.267795550186
4	26	0.20836437943
4	27	0.112432445154
4	28	0.138005659053
4	29	0.269797665301
4	30	0.313460644754
4	31	0.0435278127788
4	32	0.399829828492
4	33	0.284303358645
4	34	0.0585795479582
4	35	0.0899659535341
4	36	0.325959250774
4	37	0.204805393064
4	38	0.258801675385
4	39	0.112432445154
5	1	0.165106325768
5	2	0.15543513881
5	3	0.123699228079
5	4	0.0
5	5	1.0
5	6	0.152851649873
5	7	0.20516419022
5	8	0.201186362083
5	9	0.052198238221
5	10	0.126548076752
5	11	0.0238512504317
5	12	0.411921200641
5	13	0.139122040342
5	14	0.0367583190415
5	15	0.0991051309755
5	16	0.188014295223
5	17	0.0313852566673
5	18	0.277271253103
5	19	0.0353058210932
5	20	0.191011231395
5	21	0.0429064308743
5	22	0.197381444912
5	23	0.0
5	24	0.0634884209188
5	25	0.217200579771
5	26	0.0300133853037
5	27	0.0431627699762
5	28	0.203265774598
5	29	0.0646826883269
5	30	0.14500362558
5	31	0.449550770565
5	32	0.039043495799
5	33	0.082864480798
5	34	0.0
5	35	0.309999810173
5	36	0.203421447524
5	37	0.221901904416
5	38	0.12797789697
5	39	0.0431627699762
6	1	0.0467928466611
6	2	0.193249630627
6	3	0.320387222082
6	4	0.249476280682
6	5	0.152851649873
6	6	1.0
6	7	0.345420687548
6	8	0.417500709372
6	9	0.256233122454
6	10	0.383124926112
6	11	0.41055851068
6	12	0.370656922374
6	13	0.414178498832
6	14	0.233805693843
6	15	0.407180531686
6	16	0.395544111699
6	17	0.374491258671
6	18	0.278483016422
6	19	0.237367432444
6	20	0.383338518438
6	21	0.361146194607
6	22	0.40218348612
6	23	0.249476280682
6	24	0.387682140881
6	25	0.294616647303
6	26	0.369183569728
6	27	0.232152898739
6	28	0.421815893519
6	29	0.360200645714
6	30	0.151297757607
6	31	0.271779077502
6	32	0.169154338292
6	33	0.338970519529
6	34	0.156416409139
6	35	0.263903276401
6	36	0.583002378527
6	37	0.273889848749
6	38	0.285770570727
6	39	0.232152898739
7	1	0.135316333797
7	2	0.129613493783
7	3	0.351428379246
7	4	0.0705619564762
7	5	0.20516419022
7	6	0.345420687548
7	7	1.0
7	8	0.421495215032
7	9	0.107613849279
7	10	0.347199340066
7	11	0.146429071857
7	12	0.423143595097
7	13	0.53004549357
7	14	0.137397500739
7	15	0.405643462661
7	16	0.304938207889
7	17	0.141329126733
7	18	0.298767066519
7	19	0.124644616171
7	20	0.309016386584
7	21	0.144659905903
7	22	0.316864647342
7	23	0.0705619564762
7	24	0.249774719198
7	25	0.167775222536
7	26	0.371893583502
7	27	0.155213358643
7	28	0.40199576742
7	29	0.3043068739
7	30	0.088293336363
7	31	0.403257718311
7	32	0.0644111502139
7	33	0.293846803806
7	34	0.149870382732
7	35	0.326757131514
7	36	0.468516105295
7	37	0.385580805711
7	38	0.334387032676
7	39	0.155213358643
8	1	0.040639219409
8	2	0.250740709372
8	3	0.37243159888
8	4	0.136593858689
8	5	0.201186362083
8	6	0.417500709372
8	7	0.421495215032
8	8	1.0
8	9	0.205324523191
8	10	0.346052591447
8	11	0.267275189666
8	12	0.447244577815
8	13	0.428224390937
8	14	0.272970519566
8	15	0.380992380258
8	16	0.160325168122
8	17	0.323856557031
8	18	0.751329242358
8	19	0.234512802305
8	20	0.269802530567
8	21	0.214615828029
8	22	0.324187945207
8	23	0.136593858689
8	24	0.359954097334
8	25	0.20589407598
8	26	0.339007033861
8	27	0.225333699733
8	28	0.953704177944
8	29	0.460188458703
8	30	0.108316676943
8	31	0.331358019645
8	32	0.0
8	33	0.329092259043
8	34	0.144716732079
8	35	0.321112318561
8	36	0.362366929128
8	37	0.338626794215
8	38	0.353343977123
8	39	0.225333699733
9	1	0.409095617671
9	2	0.345345443098
9	3	0.45195231214
9	4	0.246759248253
9	5	0.052198238221
9	6	0.256233122454
9	7	0.107613849279
9	8	0.205324523191
9	9	1.0
9	10	0.518908061124
9	11	0.369279004468
9	12	0.247010324901
9	13	0.277558080066
9	14	0.44330000802
9	15	0.303577721762
9	16	0.417761396643
9	17	0.464301011229
9	18	0.155597224957
9	19	0.325272705193
9	20	0.315785511077
9	21	0.518673414348
9	22	0.246671138385
9	23	0.246759248253
9	24	0.416382336144
9	25	0.27380251247
9	26	0.162566674873
9	27	0.300424299113
9	28	0.179638197799
9	29	0.455950004128
9	30	0.135698296755
9	31	0.130989451791
9	32	0.259998093227
9	33	0.472589344899
9	34	0.0698807210479
9	35	0.305120910287
9	36	0.311661999278
9	37	0.407501641285
9	38	0.433614801201
9	39	0.300424299113
10	1	0.389227009097
10	2	0.278307369067
10	3	0.530647185054
10	4	0.305904880043
10	5	0.126548076752
10	6	0.383124926112
10	7	0.347199340066
10	8	0.346052591447
10	9	0.518908061124
10	10	1.0
10	11	0.365413745128
10	12	0.476282790718
10	13	0.578895413499
10	14	0.317982790517
10	15	0.500673007271
10	16	0.601057159327
10	17	0.288109461443
10	18	0.230254413797
10	19	0.197005171036
10	20	0.30476127187
10	21	0.555387199705
10	22	0.496082252058
10	23	0.305904880043
10	24	0.436149766676
10	25	0.356761049959
10	26	0.493962740602
10	27	0.188082227569
10	28	0.349629305505
10	29	0.473387622981
10	30	0.129847373402
10	31	0.190017694247
10	32	0.269563028612
10	33	0.579474056167
10	34	0.200572251263
10	35	0.266433841055
10	36	0.492348055603
10	37	0.51800770659
10	38	0.46665600527
10	39	0.188082227569
11	1	0.0662414137494
11	2	0.270832527265
11	3	0.276653364815
11	4	0.338223205774
11	5	0.0238512504317
11	6	0.41055851068
11	7	0.146429071857
11	8	0.267275189666
11	9	0.369279004468
11	10	0.365413745128
11	11	1.0
11	12	0.262230977676
11	13	0.448635301762
11	14	0.392467876122
11	15	0.422121444371
11	16	0.530740345898
11	17	0.610396329784
11	18	0.0803040793724
11	19	0.489364828996
11	20	0.442170316625
11	21	0.630463951092
11	22	0.321610984485
11	23	0.338223205774
11	24	0.56063059366
11	25	0.137809513691
11	26	0.165588439068
11	27	0.519572744423
11	28	0.246843064155
11	29	0.393379480111
11	30	0.24773543101
11	31	0.0447994502291
11	32	0.237663069688
11	33	0.437083298614
11	34	0.186749538699
11	35	0.403556598237
11	36	0.402578332322
11	37	0.175657210633
11	38	0.453592708514
11	39	0.519572744423
12	1	0.211178256992
12	2	0.231122796978
12	3	0.364205855842
12	4	0.192667864131
12	5	0.411921200641
12	6	0.370656922374
12	7	0.423143595097
12	8	0.447244577815
12	9	0.247010324901
12	10	0.476282790718
12	11	0.262230977676
12	12	1.0
12	13	0.408439042404
12	14	0.326759516613
12	15	0.437076285907
12	16	0.445561327678
12	17	0.219392452191
12	18	0.380502705871
12	19	0.214990492722
12	20	0.347669831692
12	21	0.349544656369
12	22	0.529741597381
12	23	0.192667864131
12	24	0.411173760554
12	25	0.187683825174
12	26	0.3626597208
12	27	0.184745264446
12	28	0.451867187234
12	29	0.394893548155
12	30	0.207480479856
12	31	0.442117929169
12	32	0.30060822034
12	33	0.329113073414
12	34	0.148657398006
12	35	0.383693448514
12	36	0.44698459954
12	37	0.581573852098
12	38	0.40864127189
12	39	0.184745264446
13	1	0.213028895289
13	2	0.146385554825
13	3	0.412680421989
13	4	0.309916111733
13	5	0.139122040342
13	6	0.414178498832
13	7	0.53004549357
13	8	0.428224390937
13	9	0.277558080066
13	10	0.578895413499
13	11	0.448635301762
13	12	0.408439042404
13	13	1.0
13	14	0.118269190047
13	15	0.537123442341
13	16	0.664704975923
13	17	0.18911674156
13	18	0.237404117053
13	19	0.0731588025896
13	20	0.404186462843
13	21	0.462091330378
13	22	0.542913629637
13	23	0.309916111733
13	24	0.328319166468
13	25	0.353706142247
13	26	0.408349694131
13	27	0.0747849972337
13	28	0.432650412406
13	29	0.44526997055
13	30	0.102257780724
13	31	0.299094681776
13	32	0.111897594078
13	33	0.471111115618
13	34	0.210639267276
13	35	0.268792646922
13	36	0.645085658639
13	37	0.399840808727
13	38	0.381603003941
13	39	0.0747849972337
14	1	0.210608027387
14	2	0.424836124908
14	3	0.43250851069
14	4	0.217401636957
14	5	0.0367583190415
14	6	0.233805693843
14	7	0.137397500739
14	8	0.272970519566
14	9	0.44330000802
14	10	0.317982790517
14	11	0.392467876122
14	12	0.326759516613
14	13	0.118269190047
14	14	1.0
14	15	0.293737138542
14	16	0.265301408146
14	17	0.692662508023
14	18	0.198503412396
14	19	0.717010069663
14	20	0.321583182978
14	21	0.426584541119
14	22	0.206348276326
14	23	0.217401636957
14	24	0.636676103616
14	25	0.055519395594
14	26	0.0769158083548
14	27	0.752049047803
14	28	0.218553235558
14	29	0.34262271535
14	30	0.302371732422
14	31	0.188173250821
14	32	0.30088197882
14	33	0.550871030242
14	34	0.128133113022
14	35	0.323016861892
14	36	0.165994302538
14	37	0.375900082363
14	38	0.39275181941
14	39	0.752049047803
15	1	0.157226239262
15	2	0.256399437558
15	3	0.38061254235
15	4	0.228156223423
15	5	0.0991051309755
15	6	0.407180531686
15	7	0.405643462661
15	8	0.380992380258
15	9	0.303577721762
15	10	0.500673007271
15	11	0.422121444371
15	12	0.437076285907
15	13	0.537123442341
15	14	0.293737138542
15	15	1.0
15	16	0.487732721493
15	17	0.367049990904
15	18	0.255005988469
15	19	0.256553077961
15	20	0.453852201937
15	21	0.434250874955
15	22	0.501085412478
15	23	0.228156223423
15	24	0.361893227391
15	25	0.144663264529
15	26	0.386567176508
15	27	0.256755858126
15	28	0.384930223338
15	29	0.516803979335
15	30	0.125310755467
15	31	0.164486381118
15	32	0.11432719327
15	33	0.511553609195
15	34	0.233523433576
15	35	0.437733438304
15	36	0.507203055334
15	37	0.427074595334
15	38	0.311922884216
15	39	0.256755858126
16	1	0.253187691212
16	2	0.251306162969
16	3	0.383282445641
16	4	0.442007332532
16	5	0.188014295223
16	6	0.395544111699
16	7	0.304938207889
16	8	0.160325168122
16	9	0.417761396643
16	10	0.601057159327
16	11	0.530740345898
16	12	0.445561327678
16	13	0.664704975923
16	14	0.265301408146
16	15	0.487732721493
16	16	1.0
16	17	0.277407838253
16	18	0.0573169604526
16	19	0.229416958728
16	20	0.460338884951
16	21	0.666416284573
16	22	0.573136901818
16	23	0.442007332532
16	24	0.415632427742
16	25	0.315288360534
16	26	0.242664536479
16	27	0.210802850016
16	28	0.193177629843
16	29	0.433124594202
16	30	0.244510052105
16	31	0.187426838073
16	32	0.333885989467
16	33	0.476179278416
16	34	0.187760689768
16	35	0.341174918293
16	36	0.662741646676
16	37	0.439614657976
16	38	0.454439225059
16	39	0.210802850016
17	1	0.121582267905
17	2	0.478582041894
17	3	0.378944575359
17	4	0.110001773312
17	5	0.0313852566673
17	6	0.374491258671
17	7	0.141329126733
17	8	0.323856557031
17	9	0.464301011229
17	10	0.288109461443
17	11	0.610396329784
17	12	0.219392452191
17	13	0.18911674156
17	14	0.692662508023
17	15	0.367049990904
17	16	0.277407838253
17	17	1.0
17	18	0.168175400883
17	19	0.798579445993
17	20	0.295559703203
17	21	0.506203063664
17	22	0.150938848855
17	23	0.110001773312
17	24	0.613177840933
17	25	0.0470369576932
17	26	0.0977465330309
17	27	0.830821146332
17	28	0.262545818257
17	29	0.394039630486
17	30	0.236513444413
17	31	0.0470674202078
17	32	0.09891893812
17	33	0.574407432845
17	34	0.147060236959
17	35	0.535112292474
17	36	0.233800002749
17	37	0.232776994345
17	38	0.372293543447
17	39	0.830821146332
18	1	0.0899001556324
18	2	0.139880720952
18	3	0.270060475655
18	4	0.0584644209795
18	5	0.277271253103
18	6	0.278483016422
18	7	0.298767066519
18	8	0.751329242358
18	9	0.155597224957
18	10	0.230254413797
18	11	0.0803040793724
18	12	0.380502705871
18	13	0.237404117053
18	14	0.198503412396
18	15	0.255005988469
18	16	0.0573169604526
18	17	0.168175400883
18	18	1.0
18	19	0.0804758864862
18	20	0.276762488035
18	21	0.1215751258
18	22	0.240397309679
18	23	0.0584644209795
18	24	0.219246590506
18	25	0.0494717997372
18	26	0.207844247756
18	27	0.0737887280939
18	28	0.759094795715
18	29	0.426422141476
18	30	0.130918126258
18	31	0.337172630831
18	32	0.0474822127494
18	33	0.191618457391
18	34	0.0441922081757
18	35	0.287089672747
18	36	0.197464862955
18	37	0.311012376892
18	38	0.278601285604
18	39	0.0737887280939
19	1	0.142341722592
19	2	0.497981976979
19	3	0.286519651506
19	4	0.118635250068
19	5	0.0353058210932
19	6	0.237367432444
19	7	0.124644616171
19	8	0.234512802305
19	9	0.325272705193
19	10	0.197005171036
19	11	0.489364828996
19	12	0.214990492722
19	13	0.0731588025896
19	14	0.717010069663
19	15	0.256553077961
19	16	0.229416958728
19	17	0.798579445993
19	18	0.0804758864862
19	19	1.0
19	20	0.229899369072
19	21	0.475099178728
19	22	0.0821790995102
19	23	0.118635250068
19	24	0.638474536175
19	25	0.0367386810512
19	26	0.0
19	27	0.933010784525
19	28	0.149770769816
19	29	0.156528965597
19	30	0.299951213351
19	31	0.0748927491078
19	32	0.226592704595
19	33	0.593180624497
19	34	0.113287316464
19	35	0.453392291481
19	36	0.126074884781
19	37	0.230362610609
19	38	0.289402692222
19	39	0.933010784525
20	1	0.102874857155
20	2	0.139532833684
20	3	0.297447425955
20	4	0.230755492892
20	5	0.191011231395
20	6	0.383338518438
20	7	0.309016386584
20	8	0.269802530567
20	9	0.315785511077
20	10	0.30476127187
20	11	0.442170316625
20	12	0.347669831692
20	13	0.404186462843
20	14	0.321583182978
20	15	0.453852201937
20	16	0.460338884951
20	17	0.295559703203
20	18	0.276762488035
20	19	0.229899369072
20	20	1.0
20	21	0.401862736526
20	22	0.368065147918
20	23	0.230755492892
20	24	0.255599100268
20	25	0.0313524301235
20	26	0.086870452426
20	27	0.218710286069
20	28	0.272591142841
20	29	0.429962043066
20	30	0.35421618869
20	31	0.320491381739
20	32	0.329803129434
20	33	0.324741108259
20	34	0.0887710837512
20	35	0.328260647482
20	36	0.438703391129
20	37	0.311300449032
20	38	0.32851151191
20	39	0.218710286069
21	1	0.247417043966
21	2	0.384211138121
21	3	0.369614203105
21	4	0.38660680407
21	5	0.0429064308743
21	6	0.361146194607
21	7	0.144659905903
21	8	0.214615828029
21	9	0.518673414348
21	10	0.555387199705
21	11	0.630463951092
21	12	0.349544656369
21	13	0.462091330378
21	14	0.426584541119
21	15	0.434250874955
21	16	0.666416284573
21	17	0.506203063664
21	18	0.1215751258
21	19	0.475099178728
21	20	0.401862736526
21	21	1.0
21	22	0.364056974367
21	23	0.38660680407
21	24	0.534298740129
21	25	0.177224207109
21	26	0.122761991589
21	27	0.433974625368
21	28	0.216834044185
21	29	0.427834750676
21	30	0.241140433256
21	31	0.0588168644123
21	32	0.435592528407
21	33	0.509913598734
21	34	0.186902472352
21	35	0.362492537799
21	36	0.411088294524
21	37	0.322866660266
21	38	0.478108308543
21	39	0.433974625368
22	1	0.27590811012
22	2	0.210911204883
22	3	0.38925648969
22	4	0.501771696162
22	5	0.197381444912
22	6	0.40218348612
22	7	0.316864647342
22	8	0.324187945207
22	9	0.246671138385
22	10	0.496082252058
22	11	0.321610984485
22	12	0.529741597381
22	13	0.542913629637
22	14	0.206348276326
22	15	0.501085412478
22	16	0.573136901818
22	17	0.150938848855
22	18	0.240397309679
22	19	0.0821790995102
22	20	0.368065147918
22	21	0.364056974367
22	22	1.0
22	23	0.501771696162
22	24	0.414206120565
22	25	0.32794142924
22	26	0.294400569989
22	27	0.0842130212447
22	28	0.327538671686
22	29	0.426995598028
22	30	0.242787376549
22	31	0.312685239872
22	32	0.294076286538
22	33	0.392016166316
22	34	0.150974696375
22	35	0.19202860371
22	36	0.520498481004
22	37	0.409735256559
22	38	0.332838972959
22	39	0.0842130212447
23	1	0.233868690742
23	2	0.160975595367
23	3	0.301172938637
23	4	1.0
23	5	0.0
23	6	0.249476280682
23	7	0.0705619564762
23	8	0.136593858689
23	9	0.246759248253
23	10	0.305904880043
23	11	0.338223205774
23	12	0.192667864131
23	13	0.309916111733
23	14	0.217401636957
23	15	0.228156223423
23	16	0.442007332532
23	17	0.110001773312
23	18	0.0584644209795
23	19	0.118635250068
23	20	0.230755492892
23	21	0.38660680407
23	22	0.501771696162
23	23	1.0
23	24	0.359877979812
23	25	0.267795550186
23	26	0.20836437943
23	27	0.112432445154
23	28	0.138005659053
23	29	0.269797665301
23	30	0.313460644754
23	31	0.0435278127788
23	32	0.399829828492
23	33	0.284303358645
23	34	0.0585795479582
23	35	0.0899659535341
23	36	0.325959250774
23	37	0.204805393064
23	38	0.258801675385
23	39	0.112432445154
24	1	0.200717717184
24	2	0.419500198913
24	3	0.432688938585
24	4	0.359877979812
24	5	0.0634884209188
24	6	0.387682140881
24	7	0.249774719198
24	8	0.359954097334
24	9	0.416382336144
24	10	0.436149766676
24	11	0.56063059366
24	12	0.411173760554
24	13	0.328319166468
24	14	0.636676103616
24	15	0.361893227391
24	16	0.415632427742
24	17	0.613177840933
24	18	0.219246590506
24	19	0.638474536175
24	20	0.255599100268
24	21	0.534298740129
24	22	0.414206120565
24	23	0.359877979812
24	24	1.0
24	25	0.183809176476
24	26	0.159154193327
24	27	0.650556805306
24	28	0.332090975111
24	29	0.315091082017
24	30	0.25792500851
24	31	0.183467517392
24	32	0.367067757899
24	33	0.597882297445
24	34	0.164193205716
24	35	0.395320672288
24	36	0.36545378845
24	37	0.383062011828
24	38	0.471548133682
24	39	0.650556805306
25	1	0.383540673873
25	2	0.153100722737
25	3	0.226220525518
25	4	0.267795550186
25	5	0.217200579771
25	6	0.294616647303
25	7	0.167775222536
25	8	0.20589407598
25	9	0.27380251247
25	10	0.356761049959
25	11	0.137809513691
25	12	0.187683825174
25	13	0.353706142247
25	14	0.055519395594
25	15	0.144663264529
25	16	0.315288360534
25	17	0.0470369576932
25	18	0.0494717997372
25	19	0.0367386810512
25	20	0.0313524301235
25	21	0.177224207109
25	22	0.32794142924
25	23	0.267795550186
25	24	0.183809176476
25	25	1.0
25	26	0.264888087548
25	27	0.0
25	28	0.208022146262
25	29	0.128299626587
25	30	0.0
25	31	0.315377364671
25	32	0.0
25	33	0.290501408246
25	34	0.111427711879
25	35	0.145756877963
25	36	0.4989723064
25	37	0.247316910773
25	38	0.190853302614
25	39	0.0
26	1	0.207813501693
26	2	0.123245827994
26	3	0.313402809964
26	4	0.20836437943
26	5	0.0300133853037
26	6	0.369183569728
26	7	0.371893583502
26	8	0.339007033861
26	9	0.162566674873
26	10	0.493962740602
26	11	0.165588439068
26	12	0.3626597208
26	13	0.408349694131
26	14	0.0769158083548
26	15	0.386567176508
26	16	0.242664536479
26	17	0.0977465330309
26	18	0.207844247756
26	19	0.0
26	20	0.086870452426
26	21	0.122761991589
26	22	0.294400569989
26	23	0.20836437943
26	24	0.159154193327
26	25	0.264888087548
26	26	1.0
26	27	0.0
26	28	0.342510926777
26	29	0.325864991968
26	30	0.0
26	31	0.200734938472
26	32	0.0754510993942
26	33	0.278546808311
26	34	0.182641937697
26	35	0.197155702934
26	36	0.388583526396
26	37	0.404781567243
26	38	0.242450825711
26	39	0.0
27	1	0.0857265327946
27	2	0.424857114631
27	3	0.274408445541
27	4	0.112432445154
27	5	0.0431627699762
27	6	0.232152898739
27	7	0.155213358643
27	8	0.225333699733
27	9	0.300424299113
27	10	0.188082227569
27	11	0.519572744423
27	12	0.184745264446
27	13	0.0747849972337
27	14	0.752049047803
27	15	0.256755858126
27	16	0.210802850016
27	17	0.830821146332
27	18	0.0737887280939
27	19	0.933010784525
27	20	0.218710286069
27	21	0.433974625368
27	22	0.0842130212447
27	23	0.112432445154
27	24	0.650556805306
27	25	0.0
27	26	0.0
27	27	1.0
27	28	0.142411671649
27	29	0.148837798452
27	30	0.285047573719
27	31	0.0411647138918
27	32	0.189061653281
27	33	0.538313261492
27	34	0.110798598766
27	35	0.425134106862
27	36	0.123305247307
27	37	0.177546078355
27	38	0.301089799021
27	39	1.0
28	1	0.0410592563368
28	2	0.206022309234
28	3	0.323561781466
28	4	0.138005659053
28	5	0.203265774598
28	6	0.421815893519
28	7	0.40199576742
28	8	0.953704177944
28	9	0.179638197799
28	10	0.349629305505
28	11	0.246843064155
28	12	0.451867187234
28	13	0.432650412406
28	14	0.218553235558
28	15	0.384930223338
28	16	0.193177629843
28	17	0.262545818257
28	18	0.759094795715
28	19	0.149770769816
28	20	0.272591142841
28	21	0.216834044185
28	22	0.327538671686
28	23	0.138005659053
28	24	0.332090975111
28	25	0.208022146262
28	26	0.342510926777
28	27	0.142411671649
28	28	1.0
28	29	0.464944852877
28	30	0.0723965750857
28	31	0.334782854241
28	32	0.0
28	33	0.277217165292
28	34	0.146212488455
28	35	0.324431256123
28	36	0.366112264148
28	37	0.342126757068
28	38	0.32985866858
28	39	0.142411671649
29	1	0.214339518496
29	2	0.359574292736
29	3	0.361940936564
29	4	0.269797665301
29	5	0.0646826883269
29	6	0.360200645714
29	7	0.3043068739
29	8	0.460188458703
29	9	0.455950004128
29	10	0.473387622981
29	11	0.393379480111
29	12	0.394893548155
29	13	0.44526997055
29	14	0.34262271535
29	15	0.516803979335
29	16	0.433124594202
29	17	0.394039630486
29	18	0.426422141476
29	19	0.156528965597
29	20	0.429962043066
29	21	0.427834750676
29	22	0.426995598028
29	23	0.269797665301
29	24	0.315091082017
29	25	0.128299626587
29	26	0.325864991968
29	27	0.148837798452
29	28	0.464944852877
29	29	1.0
29	30	0.110857113199
29	31	0.0851597178984
29	32	0.161743444402
29	33	0.442023497464
29	34	0.0764050608913
29	35	0.24861099127
29	36	0.340117836638
29	37	0.57946364899
29	38	0.28790637011
29	39	0.148837798452
30	1	0.149637501855
30	2	0.135117004582
30	3	0.214841223997
30	4	0.313460644754
30	5	0.14500362558
30	6	0.151297757607
30	7	0.088293336363
30	8	0.108316676943
30	9	0.135698296755
30	10	0.129847373402
30	11	0.24773543101
30	12	0.207480479856
30	13	0.102257780724
30	14	0.302371732422
30	15	0.125310755467
30	16	0.244510052105
30	17	0.236513444413
30	18	0.130918126258
30	19	0.299951213351
30	20	0.35421618869
30	21	0.241140433256
30	22	0.242787376549
30	23	0.313460644754
30	24	0.25792500851
30	25	0.0
30	26	0.0
30	27	0.285047573719
30	28	0.0723965750857
30	29	0.110857113199
30	30	1.0
30	31	0.181012494266
30	32	0.329341631784
30	33	0.236941882241
30	34	0.0
30	35	0.141942691838
30	36	0.215911717713
30	37	0.142436448234
30	38	0.281704676497
30	39	0.285047573719
31	1	0.316664951437
31	2	0.124465936872
31	3	0.303915377824
31	4	0.0435278127788
31	5	0.449550770565
31	6	0.271779077502
31	7	0.403257718311
31	8	0.331358019645
31	9	0.130989451791
31	10	0.190017694247
31	11	0.0447994502291
31	12	0.442117929169
31	13	0.299094681776
31	14	0.188173250821
31	15	0.164486381118
31	16	0.187426838073
31	17	0.0470674202078
31	18	0.337172630831
31	19	0.0748927491078
31	20	0.320491381739
31	21	0.0588168644123
31	22	0.312685239872
31	23	0.0435278127788
31	24	0.183467517392
31	25	0.315377364671
31	26	0.200734938472
31	27	0.0411647138918
31	28	0.334782854241
31	29	0.0851597178984
31	30	0.181012494266
31	31	1.0
31	32	0.197485274514
31	33	0.126296092253
31	34	0.114033618877
31	35	0.261560649906
31	36	0.414033351206
31	37	0.338173244795
31	38	0.360523823783
31	39	0.0411647138918
32	1	0.211020165467
32	2	0.177298168405
32	3	0.195306502128
32	4	0.399829828492
32	5	0.039043495799
32	6	0.169154338292
32	7	0.0644111502139
32	8	0.0
32	9	0.259998093227
32	10	0.269563028612
32	11	0.237663069688
32	12	0.30060822034
32	13	0.111897594078
32	14	0.30088197882
32	15	0.11432719327
32	16	0.333885989467
32	17	0.09891893812
32	18	0.0474822127494
32	19	0.226592704595
32	20	0.329803129434
32	21	0.435592528407
32	22	0.294076286538
32	23	0.399829828492
32	24	0.367067757899
32	25	0.0
32	26	0.0754510993942
32	27	0.189061653281
32	28	0.0
32	29	0.161743444402
32	30	0.329341631784
32	31	0.197485274514
32	32	1.0
32	33	0.160607694744
32	34	0.0570824794096
32	35	0.0386653674574
32	36	0.176756506981
32	37	0.215329747886
32	38	0.305998171908
32	39	0.189061653281
33	1	0.407962190588
33	2	0.583250684677
33	3	0.519223367345
33	4	0.284303358645
33	5	0.082864480798
33	6	0.338970519529
33	7	0.293846803806
33	8	0.329092259043
33	9	0.472589344899
33	10	0.579474056167
33	11	0.437083298614
33	12	0.329113073414
33	13	0.471111115618
33	14	0.550871030242
33	15	0.511553609195
33	16	0.476179278416
33	17	0.574407432845
33	18	0.191618457391
33	19	0.593180624497
33	20	0.324741108259
33	21	0.509913598734
33	22	0.392016166316
33	23	0.284303358645
33	24	0.597882297445
33	25	0.290501408246
33	26	0.278546808311
33	27	0.538313261492
33	28	0.277217165292
33	29	0.442023497464
33	30	0.236941882241
33	31	0.126296092253
33	32	0.160607694744
33	33	1.0
33	34	0.10776222521
33	35	0.330492902218
33	36	0.379766097496
33	37	0.455514849806
33	38	0.337753153646
33	39	0.538313261492
34	1	0.0
34	2	0.0922314061197
34	3	0.103855527928
34	4	0.0585795479582
34	5	0.0
34	6	0.156416409139
34	7	0.149870382732
34	8	0.144716732079
34	9	0.0698807210479
34	10	0.200572251263
34	11	0.186749538699
34	12	0.148657398006
34	13	0.210639267276
34	14	0.128133113022
34	15	0.233523433576
34	16	0.187760689768
34	17	0.147060236959
34	18	0.0441922081757
34	19	0.113287316464
34	20	0.0887710837512
34	21	0.186902472352
34	22	0.150974696375
34	23	0.0585795479582
34	24	0.164193205716
34	25	0.111427711879
34	26	0.182641937697
34	27	0.110798598766
34	28	0.146212488455
34	29	0.0764050608913
34	30	0.0
34	31	0.114033618877
34	32	0.0570824794096
34	33	0.10776222521
34	34	1.0
34	35	0.179931375238
34	36	0.221543234267
34	37	0.0869994659359
34	38	0.136388470603
34	39	0.110798598766
35	1	0.145156215576
35	2	0.321191611886
35	3	0.243898939847
35	4	0.0899659535341
35	5	0.309999810173
35	6	0.263903276401
35	7	0.326757131514
35	8	0.321112318561
35	9	0.305120910287
35	10	0.266433841055
35	11	0.403556598237
35	12	0.383693448514
35	13	0.268792646922
35	14	0.323016861892
35	15	0.437733438304
35	16	0.341174918293
35	17	0.535112292474
35	18	0.287089672747
35	19	0.453392291481
35	20	0.328260647482
35	21	0.362492537799
35	22	0.19202860371
35	23	0.0899659535341
35	24	0.395320672288
35	25	0.145756877963
35	26	0.197155702934
35	27	0.425134106862
35	28	0.324431256123
35	29	0.24861099127
35	30	0.141942691838
35	31	0.261560649906
35	32	0.0386653674574
35	33	0.330492902218
35	34	0.179931375238
35	35	1.0
35	36	0.361644588919
35	37	0.371068080727
35	38	0.404631724694
35	39	0.425134106862
36	1	0.199578495683
36	2	0.205284479546
36	3	0.337898914916
36	4	0.325959250774
36	5	0.203421447524
36	6	0.583002378527
36	7	0.468516105295
36	8	0.362366929128
36	9	0.311661999278
36	10	0.492348055603
36	11	0.402578332322
36	12	0.44698459954
36	13	0.645085658639
36	14	0.165994302538
36	15	0.507203055334
36	16	0.662741646676
36	17	0.233800002749
36	18	0.197464862955
36	19	0.126074884781
36	20	0.438703391129
36	21	0.411088294524
36	22	0.520498481004
36	23	0.325959250774
36	24	0.36545378845
36	25	0.4989723064
36	26	0.388583526396
36	27	0.123305247307
36	28	0.366112264148
36	29	0.340117836638
36	30	0.215911717713
36	31	0.414033351206
36	32	0.176756506981
36	33	0.379766097496
36	34	0.221543234267
36	35	0.361644588919
36	36	1.0
36	37	0.355980616417
36	38	0.457070348507
36	39	0.123305247307
37	1	0.350407279917
37	2	0.348406661925
37	3	0.432346036793
37	4	0.204805393064
37	5	0.221901904416
37	6	0.273889848749
37	7	0.385580805711
37	8	0.338626794215
37	9	0.407501641285
37	10	0.51800770659
37	11	0.175657210633
37	12	0.581573852098
37	13	0.399840808727
37	14	0.375900082363
37	15	0.427074595334
37	16	0.439614657976
37	17	0.232776994345
37	18	0.311012376892
37	19	0.230362610609
37	20	0.311300449032
37	21	0.322866660266
37	22	0.409735256559
37	23	0.204805393064
37	24	0.383062011828
37	25	0.247316910773
37	26	0.404781567243
37	27	0.177546078355
37	28	0.342126757068
37	29	0.57946364899
37	30	0.142436448234
37	31	0.338173244795
37	32	0.215329747886
37	33	0.455514849806
37	34	0.0869994659359
37	35	0.371068080727
37	36	0.355980616417
37	37	1.0
37	38	0.319739454809
37	39	0.177546078355
38	1	0.290056409643
38	2	0.283266956973
38	3	0.434862331797
38	4	0.258801675385
38	5	0.12797789697
38	6	0.285770570727
38	7	0.334387032676
38	8	0.353343977123
38	9	0.433614801201
38	10	0.46665600527
38	11	0.453592708514
38	12	0.40864127189
38	13	0.381603003941
38	14	0.39275181941
38	15	0.311922884216
38	16	0.454439225059
38	17	0.372293543447
38	18	0.278601285604
38	19	0.289402692222
38	20	0.32851151191
38	21	0.478108308543
38	22	0.332838972959
38	23	0.258801675385
38	24	0.471548133682
38	25	0.190853302614
38	26	0.242450825711
38	27	0.301089799021
38	28	0.32985866858
38	29	0.28790637011
38	30	0.281704676497
38	31	0.360523823783
38	32	0.305998171908
38	33	0.337753153646
38	34	0.136388470603
38	35	0.404631724694
38	36	0.457070348507
38	37	0.319739454809
38	38	1.0
38	39	0.301089799021
39	1	0.0857265327946
39	2	0.424857114631
39	3	0.274408445541
39	4	0.112432445154
39	5	0.0431627699762
39	6	0.232152898739
39	7	0.155213358643
39	8	0.225333699733
39	9	0.300424299113
39	10	0.188082227569
39	11	0.519572744423
39	12	0.184745264446
39	13	0.0747849972337
39	14	0.752049047803
39	15	0.256755858126
39	16	0.210802850016
39	17	0.830821146332
39	18	0.0737887280939
39	19	0.933010784525
39	20	0.218710286069
39	21	0.433974625368
39	22	0.0842130212447
39	23	0.112432445154
39	24	0.650556805306
39	25	0.0
39	26	0.0
39	27	1.0
39	28	0.142411671649
39	29	0.148837798452
39	30	0.285047573719
39	31	0.0411647138918
39	32	0.189061653281
39	33	0.538313261492
39	34	0.110798598766
39	35	0.425134106862
39	36	0.123305247307
39	37	0.177546078355
39	38	0.301089799021
39	39	1.0
