6	6	
6	11	0.0950194752355119
6	4	0.151874547413244
6	7	0.0201994701458132
6	9	0.331402103947944
6	5	0.639763432462761
6	3	0.143219162014711
6	12	0.484515894974522
6	1	0.125884718309791
6	8	0.0408489978224672
6	2	0.338159706607669
6	10	0.120079541268974
11	6	0.0950194752355119
11	11	
11	4	0.345540543975778
11	7	0.188925734596792
11	9	0.231847205796103
11	5	0.131019359963539
11	3	0.156468028053863
11	12	0.0495456929661339
11	1	0.306090331593165
11	8	0.063702334403863
11	2	0.236574789827324
11	10	0.293366512525739
4	6	0.151874547413244
4	11	0.345540543975778
4	4	
4	7	0.114644956505981
4	9	0.336332103432008
4	5	0.0862244072585306
4	3	0.297203386270115
4	12	0.112738596353595
4	1	0.430904576766364
4	8	0.0547716952765235
4	2	0.343190233448768
4	10	0.731525169962778
7	6	0.0201994701458132
7	11	0.188925734596792
7	4	0.114644956505981
7	7	
7	9	0.0129156288337617
7	5	0.0420611300693645
7	3	0.161296846642177
7	12	0.0353666838681817
7	1	0.0959202312079523
7	8	0.0602121156988458
7	2	0.0131789907337596
7	10	0.0915708201646573
9	6	0.331402103947944
9	11	0.231847205796103
9	4	0.336332103432008
9	7	0.0129156288337617
9	9	
9	5	0
9	3	0.282628889547181
9	12	0.0270021269177743
9	1	0.279312039397952
9	8	2.41481482941045e-05
9	2	0.980016535004968
9	10	0.333027120974624
5	6	0.639763432462761
5	11	0.131019359963539
5	4	0.0862244072585306
5	7	0.0420611300693645
5	9	0
5	5	
5	3	7.19783790160349e-05
5	12	0.524593310032156
5	1	0.071335246213375
5	8	0
5	2	0
5	10	0.0680557333282464
3	6	0.143219162014711
3	11	0.156468028053863
3	4	0.297203386270115
3	7	0.161296846642177
3	9	0.282628889547181
3	5	7.19783790160349e-05
3	3	
3	12	0.0358304746607142
3	1	0.247176103510844
3	8	0.0472591584643746
3	2	0.288391960188455
3	10	0.234578526467628
12	6	0.484515894974522
12	11	0.0495456929661339
12	4	0.112738596353595
12	7	0.0353666838681817
12	9	0.0270021269177743
12	5	0.524593310032156
12	3	0.0358304746607142
12	12	
12	1	0.0515115327357776
12	8	0.0305089415280027
12	2	0.0275527258503219
12	10	0.0874588624640401
1	6	0.125884718309791
1	11	0.306090331593165
1	4	0.430904576766364
1	7	0.0959202312079523
1	9	0.279312039397952
1	5	0.071335246213375
1	3	0.247176103510844
1	12	0.0515115327357776
1	1	
1	8	0.0067028042296928
1	2	0.285007476324403
1	10	0.370750631022213
8	6	0.0408489978224672
8	11	0.063702334403863
8	4	0.0547716952765235
8	7	0.0602121156988458
8	9	2.41481482941045e-05
8	5	0
8	3	0.0472591584643746
8	12	0.0305089415280027
8	1	0.0067028042296928
8	8	
8	2	2.46405519004657e-05
8	10	0.0169104089471517
2	6	0.338159706607669
2	11	0.236574789827324
2	4	0.343190233448768
2	7	0.0131789907337596
2	9	0.980016535004968
2	5	0
2	3	0.288391960188455
2	12	0.0275527258503219
2	1	0.285007476324403
2	8	2.46405519004657e-05
2	2	
2	10	0.339817859270033
10	6	0.120079541268974
10	11	0.293366512525739
10	4	0.731525169962778
10	7	0.0915708201646573
10	9	0.333027120974624
10	5	0.0680557333282464
10	3	0.234578526467628
10	12	0.0874588624640401
10	1	0.370750631022213
10	8	0.0169104089471517
10	2	0.339817859270033
10	10	
6	szpektor et al applies a similar, with no seed lists, to extract automatically entailment relationships between verbs, and etzioni et al report very good results extracting named entities and relationships from the web. 
11	these retrieved text fragments are then considered good candidate for paraphrasing x bought y. anchor-based learning methods have been used to investigate many semantic relations ranging from very general ones as the isa relation in to very specific ones as in where paraphrases of question-answer pairs are searched in the web or as in where a method to scan the web for searching textual entailment prototype relations is presented. 
4	the tease algorithm is an unsupervised method for acquiring entailment relations from the web for a given input template. 
7	such transformations are typically denoted as paraphrases in the literature, where a wealth of methods for their automatic acquisition were proposed . 
9	many recent efforts have also focused on extracting binary semantic relations between entities, such as entailments , is-a , part-of , and other relations. 
5	szpektor et al automatically identify anchors in web corpus data. 
3	the task of verb entailment acquisition appears to have much in common with that of paraphrase acquisition , , . 
12	szpektor et al measured yieldù, the number of correct rules learned for an input re1see the 3rd iwp workshop for a sample of recent works on paraphrasing . 
1	next, we implemented a prototype that utilizes a state-of-the-art method for learning entailment relations from the web , the minipar dependency parser and a syntactic matching module. 
8	we then incorporate paraphrase similarity within the lexical similarity model by allowing, for some unaligned node h ‚àà ph, where t ‚àà pt: sim = max ,score ) 38 our approach to paraphrase detection is most similar to the te/ase algorithm , and bears similarity to both dirt and knowitall . 
2	many recent efforts have also focused on extracting semantic relations between entities, such as entailments , is-a , part-of , and other relations. 
10	taking a stepfurther, the tease algorithm provides a completely unsupervised method for acquiring entailment relations from the web for a given input relation . 
