49	49	
49	3	0.348142528369428
49	14	0.0246066096501646
49	21	0.00017790974612287
49	18	0.142718846655667
49	13	0.127491457597272
49	45	0.171367599491622
49	40	0.310661671892854
49	8	0.014439891853268
49	36	0.000231617856427447
49	17	0.18649389742622
49	2	0.0520139499880763
49	27	0.17282996900018
49	1	9.4666286973112e-07
49	19	0.0144051714452184
49	38	1.94365545060217e-05
49	12	0.136894699611542
49	22	8.86285476374432e-07
49	23	9.26681572784236e-06
49	46	0.144269778136012
49	48	0.0405340382216417
49	10	0.265061941464922
49	33	0.316727105622935
49	41	1.33688228279661e-05
49	24	0.0195620840490543
49	39	0.000206156846370627
49	11	0.0219806863562398
49	7	0.0528852351103173
49	25	0.0660832634024798
49	9	0.0402457706462447
49	43	0.190023254402545
49	5	0.0515125527170718
49	28	6.78082509164892e-07
49	47	0.238786994935499
49	35	0.0511384914001158
49	32	0.127491457597272
49	16	0.268395399885189
49	30	0.184504550722671
49	31	0.136894699611542
49	20	0.0167569734937092
49	6	0.0409248409643212
49	29	0.25323283564344
49	15	0.0170223764069467
49	44	0.000206638345503672
49	42	0.000375419370146704
49	37	0.0221922469154062
49	34	0.0376634239656524
49	4	0.282710900594947
49	26	2.39975108987617e-07
3	49	0.348142528369428
3	3	
3	14	0.00131881455769507
3	21	0.224566722105539
3	18	0.431650146064882
3	13	0.370000765079224
3	45	0.378578000826605
3	40	0.509932032693952
3	8	0.00477177697004028
3	36	0.0625422208751165
3	17	0.268533104751805
3	2	0.0493821872296237
3	27	0.292173607060898
3	1	0.175320782336308
3	19	0.160208678558976
3	38	6.85380259034402e-05
3	12	0.482306668984885
3	22	0.164177211091874
3	23	4.33161298376713e-05
3	46	0.508763274901269
3	48	0.0707917239075565
3	10	0.528808404927122
3	33	0.398756633407107
3	41	0.283886256424898
3	24	0.0279311754481854
3	39	0.24498441765856
3	11	0.196605141926919
3	7	3.17196313990573e-05
3	25	0.218570049311317
3	9	0.000614246781783861
3	43	0.291899104798275
3	5	0.209490678383662
3	28	5.89481318962023e-05
3	47	0.449220518360494
3	35	1.80706530042777e-05
3	32	0.370000765079224
3	16	0.339261516885204
3	30	0.511168808552412
3	31	0.482306668984885
3	20	0.148556980525951
3	6	2.2638100688892e-05
3	29	0.631071840860971
3	15	0.149634492062155
3	44	0.298920470671802
3	42	0.14955426335966
3	37	4.66000142278509e-05
3	34	0.107612069645032
3	4	0.354375472543169
3	26	0.20149948808553
14	49	0.0246066096501646
14	3	0.00131881455769507
14	14	
14	21	0.000286285083211044
14	18	0.140319677059615
14	13	3.24458396098674e-07
14	45	0.000511741163037676
14	40	0.0565081827257347
14	8	0.0638473642422595
14	36	0.000313379681801782
14	17	0.0001018237245443
14	2	0.000152335603994535
14	27	0.000338525076937389
14	1	7.26337082081084e-05
14	19	0.0194902418726802
14	38	0.000181869153302303
14	12	0.0164606484555451
14	22	0.0498539074334169
14	23	5.06355446398363e-05
14	46	0.00802777848984311
14	48	0.000198448182851427
14	10	0.0504444944413739
14	33	0.0417596500811735
14	41	0.0398386427400505
14	24	0.13744606002306
14	39	0.000278930855821659
14	11	0.355526825548763
14	7	2.07536986389731e-05
14	25	0.255146222172476
14	9	0.000202246309255529
14	43	0.194400616716602
14	5	0.0446434499254245
14	28	9.17447748783615e-07
14	47	0.000692885980107104
14	35	7.8895630845005e-05
14	32	3.24458396098674e-07
14	16	0.243391998019989
14	30	0.000313716771748708
14	31	0.0164606484555451
14	20	0.0226722373758969
14	6	2.44733224577235e-05
14	29	0.00164536443929228
14	15	0.223108423228626
14	44	0.000279582325649715
14	42	0.100797013249542
14	37	0.0300261792596076
14	34	0.000317009475140801
14	4	0.107296256114221
14	26	7.26753132413816e-05
21	49	0.00017790974612287
21	3	0.224566722105539
21	14	0.000286285083211044
21	21	
21	18	0.642637444811254
21	13	0.399815591154698
21	45	0.266174487594171
21	40	0.205116651985394
21	8	0.110194775435629
21	36	0.321916074643354
21	17	0.0006077169452123
21	2	0.000905510515471327
21	27	0.218793070355411
21	1	0.391374933900381
21	19	0.686352363697119
21	38	0.166812576101932
21	12	0.482946550584787
21	22	0.366447847009349
21	23	0.0828788531755582
21	46	0.63532228753915
21	48	0.181705587638295
21	10	0.369381353883315
21	33	1.73599148214944e-07
21	41	0.588569455127105
21	24	7.42106601897841e-05
21	39	0.545418664989701
21	11	0.439032394007166
21	7	0.00104715881519005
21	25	0.420854721476443
21	9	0.0821783259008602
21	43	0.286220738622245
21	5	0.326537041333166
21	28	0.222344846669104
21	47	0.0904305264534078
21	35	0.378607844343892
21	32	0.399815591154698
21	16	6.24005818161578e-05
21	30	0.550668279670467
21	31	0.482946550584787
21	20	0.329834526604037
21	6	0.0023584070680232
21	29	0.444773373798872
21	15	0.334540316993157
21	44	0.672642951097571
21	42	0.526303980795898
21	37	3.74459689899742e-07
21	34	0.733183804272778
21	4	0.142710055954697
21	26	0.566447246572065
18	49	0.142718846655667
18	3	0.431650146064882
18	14	0.140319677059615
18	21	0.642637444811254
18	18	
18	13	0.432690653104091
18	45	0.40161734417167
18	40	0.430371384729098
18	8	0.101385792970273
18	36	0.372665609450886
18	17	0.162076960672087
18	2	0.0543731681344517
18	27	0.440404465320325
18	1	0.389873117780981
18	19	0.460433866622095
18	38	0.209720530758669
18	12	0.66756941744499
18	22	0.531122270047269
18	23	0.163945722888961
18	46	0.761825711946133
18	48	0.225402427098273
18	10	0.5628400063053
18	33	0.163846994194529
18	41	0.58457997391556
18	24	0.0530196230727477
18	39	0.504186809782831
18	11	0.532722947405384
18	7	2.38710478458303e-05
18	25	0.595665385386436
18	9	0.118285453115718
18	43	0.486759094851851
18	5	0.450321188026099
18	28	0.202471627141817
18	47	0.353661782283777
18	35	0.159801751714139
18	32	0.432690653104091
18	16	0.247441432323081
18	30	0.596910205611041
18	31	0.66756941744499
18	20	0.326150993561027
18	6	1.1676525106902e-05
18	29	0.671280542321697
18	15	0.400750999349448
18	44	0.623568981686258
18	42	0.600126209571989
18	37	0.057390414081658
18	34	0.479527978064491
18	4	0.277377344572286
18	26	0.599963125125026
13	49	0.127491457597272
13	3	0.370000765079224
13	14	3.24458396098674e-07
13	21	0.399815591154698
13	18	0.432690653104091
13	13	
13	45	0.594267125525757
13	40	0.15010389808026
13	8	0.0311139008982967
13	36	0.0176294457981361
13	17	0.115365390299374
13	2	0.167684318833256
13	27	0.0801073262066255
13	1	0.310459422771654
13	19	0.221762072745552
13	38	0.000245614359322665
13	12	0.527602240662416
13	22	0.290692439256037
13	23	0
13	46	0.527457706148061
13	48	0.179035207145456
13	10	0.419113219365817
13	33	0.129224882201741
13	41	0.466901279768
13	24	5.2364931131548e-07
13	39	0.432669645178754
13	11	0.396982378124599
13	7	2.25652333755618e-07
13	25	0.334008549855171
13	9	0.0507608269269438
13	43	0.221889057750708
13	5	0.360747315776099
13	28	0.0026237153541523
13	47	0.157900533476011
13	35	0
13	32	1
13	16	0.0932785194391953
13	30	0.514628344330576
13	31	0.527602240662416
13	20	0.364390181588959
13	6	0.00187077208439121
13	29	0.559820892143093
13	15	0.26179120700469
13	44	0.463924862880059
13	42	0.26327027481814
13	37	4.12647135284239e-05
13	34	0.189416387159555
13	4	0.104613925931291
13	26	0.482726091995698
45	49	0.171367599491622
45	3	0.378578000826605
45	14	0.000511741163037676
45	21	0.266174487594171
45	18	0.40161734417167
45	13	0.594267125525757
45	45	
45	40	0.277782312588972
45	8	0.02147325142568
45	36	0.0696347309215762
45	17	0.397461203683696
45	2	0.0694324133161472
45	27	0.188808925290998
45	1	0.208216449329065
45	19	0.149337107293109
45	38	5.32749315577533e-05
45	12	0.470174128892753
45	22	0.194981995281794
45	23	0.219887196213098
45	46	0.465809863677185
45	48	0.162080266136737
45	10	0.355120629181228
45	33	0.471172704594937
45	41	0.312216340477541
45	24	7.02310866134392e-07
45	39	0.498208512742236
45	11	0.266213900247845
45	7	3.06514975037894e-05
45	25	0.223848089075573
45	9	0.0159775042798975
45	43	0.247938666931959
45	5	0.336803989232651
45	28	7.00086467471046e-05
45	47	0.328591536515209
45	35	0
45	32	0.594267125525757
45	16	0.125103798216603
45	30	0.396388182731145
45	31	0.470174128892753
45	20	0.361768298993653
45	6	0
45	29	0.567368666777368
45	15	0.176272960348804
45	44	0.311393409067495
45	42	0.176549299889075
45	37	5.5343635659773e-05
45	34	0.127309865741491
45	4	0.140339596339765
45	26	0.381199172607356
40	49	0.310661671892854
40	3	0.509932032693952
40	14	0.0565081827257347
40	21	0.205116651985394
40	18	0.430371384729098
40	13	0.15010389808026
40	45	0.277782312588972
40	40	
40	8	0.12549294575031
40	36	0.368939219803377
40	17	0.310153087283091
40	2	0.000172418705037543
40	27	0.541691022813414
40	1	4.00111571108518e-05
40	19	0.261674596666326
40	38	0.208151388149695
40	12	0.260630048333213
40	22	0.0269873875917942
40	23	0.145287281829036
40	46	0.303380082020066
40	48	0.045007287367746
40	10	0.307066392930109
40	33	0.333706641592783
40	41	0.0444315639871917
40	24	0.0144051304918708
40	39	0.0215386949159372
40	11	0.0683339616815405
40	7	5.96501002970032e-07
40	25	0.0257231946113877
40	9	0.0902897335009388
40	43	0.337163704981421
40	5	0.117487840543859
40	28	0.229837685251035
40	47	0.597053953748776
40	35	0.133432305428428
40	32	0.15010389808026
40	16	0.291129982612159
40	30	0.207378171976687
40	31	0.260630048333213
40	20	0.0381342743109431
40	6	0.0299602202099541
40	29	0.464590667854226
40	15	0.0189986648672435
40	44	0.112261599141856
40	42	0.219538027147701
40	37	0.0163495984315332
40	34	0.29379604330119
40	4	0.498078284781817
40	26	0.219273792760592
8	49	0.014439891853268
8	3	0.00477177697004028
8	14	0.0638473642422595
8	21	0.110194775435629
8	18	0.101385792970273
8	13	0.0311139008982967
8	45	0.02147325142568
8	40	0.12549294575031
8	8	
8	36	0.173010308266257
8	17	0.433553193616492
8	2	0.0155361084130679
8	27	0.122717455604681
8	1	0.000135692175873706
8	19	0.134518014380438
8	38	0.0935627085402392
8	12	0.0130943027048249
8	22	0.000251997371343021
8	23	0.354049391449795
8	46	0.0301514649021838
8	48	0.0464271297228769
8	10	0.0926010948730591
8	33	0.0885837033651774
8	41	6.9612143249468e-05
8	24	0.0500191977204425
8	39	0.0458284266637983
8	11	0.0173678981758991
8	7	0.000791675648997258
8	25	9.22341674700289e-05
8	9	0.0461792783463104
8	43	0.111967737396286
8	5	0.0673072883138479
8	28	0.122656341937736
8	47	0.0564013235710517
8	35	0.0712878439036916
8	32	0.0311139008982967
8	16	0.0418001960088929
8	30	0.00104822578346937
8	31	0.0130943027048249
8	20	0.0498422849742741
8	6	0.0320173405584453
8	29	0.000180924120311036
8	15	0.0404426929840943
8	44	0.0600860953027273
8	42	0.1330229040006
8	37	0.0174052845263954
8	34	0.157551894573655
8	4	0.113276811423186
8	26	0.0873192760048275
36	49	0.000231617856427447
36	3	0.0625422208751165
36	14	0.000313379681801782
36	21	0.321916074643354
36	18	0.372665609450886
36	13	0.0176294457981361
36	45	0.0696347309215762
36	40	0.368939219803377
36	8	0.173010308266257
36	36	
36	17	0.0486679254355752
36	2	0.0364938398406565
36	27	0.419823596305777
36	1	0.019262004363628
36	19	0.358055776046906
36	38	0.282409003859462
36	12	0.0854970465018255
36	22	0.066688682941062
36	23	0.196892466187534
36	46	0.155109915959588
36	48	0.203458725576714
36	10	0.0350904562574341
36	33	9.55848155402297e-05
36	41	0.0288916970996291
36	24	4.17076142296557e-07
36	39	0.000288591374925597
36	11	0.0194977475967363
36	7	1.57813922973387e-05
36	25	0.0395029506294857
36	9	0.158717945508695
36	43	0.182560962366096
36	5	0.0868757997181032
36	28	0.346070652749328
36	47	0.232465122488412
36	35	0.216624556644334
36	32	0.0176294457981361
36	16	0.0172267353338191
36	30	0.000254594944518213
36	31	0.0854970465018255
36	20	0.000213409937251732
36	6	7.98321063101983e-06
36	29	0.0765980874557697
36	15	0.000427058406525598
36	44	0.256257955941647
36	42	0.33771577798244
36	37	0.0196186037672022
36	34	0.463456820766668
36	4	0.225758045427135
36	26	0.33276141638894
17	49	0.18649389742622
17	3	0.268533104751805
17	14	0.0001018237245443
17	21	0.0006077169452123
17	18	0.162076960672087
17	13	0.115365390299374
17	45	0.397461203683696
17	40	0.310153087283091
17	8	0.433553193616492
17	36	0.0486679254355752
17	17	
17	2	0.00108968501280374
17	27	0.196301265113739
17	1	8.30443617439478e-05
17	19	0.0236316097185827
17	38	0.0353013690225328
17	12	0.16942899654612
17	22	0.000154124697015618
17	23	0.533917038330668
17	46	0.203590559659143
17	48	0.071036905839362
17	10	0.147674220454492
17	33	0.515269261150592
17	41	0.0241585945899562
17	24	0.0115644212497016
17	39	0.246722495421785
17	11	0.061136405763496
17	7	0.0416572327272131
17	25	0.0512020053647457
17	9	0.0637897936671172
17	43	0.186442763309911
17	5	0.138038107579915
17	28	1.04894634475859e-06
17	47	0.355304329308153
17	35	0.0417787567293501
17	32	0.115365390299374
17	16	0.181424561781208
17	30	0.143367534164471
17	31	0.16942899654612
17	20	0.0367623332319701
17	6	0
17	29	0.329850102487164
17	15	0.000802341329633692
17	44	5.11316588192686e-07
17	42	0.000550180628312753
17	37	8.29219061192191e-07
17	34	0.0296413937328792
17	4	0.220407690446662
17	26	0.0603395632440013
2	49	0.0520139499880763
2	3	0.0493821872296237
2	14	0.000152335603994535
2	21	0.000905510515471327
2	18	0.0543731681344517
2	13	0.167684318833256
2	45	0.0694324133161472
2	40	0.000172418705037543
2	8	0.0155361084130679
2	36	0.0364938398406565
2	17	0.00108968501280374
2	2	
2	27	0.0324103409610937
2	1	0.0454180595441949
2	19	0.0626226003341458
2	38	0.049643423370059
2	12	0.109246474016138
2	22	0.127373700193775
2	23	0.024208209991101
2	46	0.0269510514128057
2	48	0.0363675483138658
2	10	0.0429696778746616
2	33	4.03446813818697e-05
2	41	5.76199497836734e-05
2	24	0.000245857204127663
2	39	1.13970661667925e-06
2	11	0.0509957244216672
2	7	0.00111520004200094
2	25	0.0487599581801551
2	9	0.0487143933856648
2	43	0.00088940906266617
2	5	0.148543823502562
2	28	0.000300190376744611
2	47	0.026679742094177
2	35	0.0377189978395863
2	32	0.167684318833256
2	16	0.000270201834132052
2	30	0.00109712892923812
2	31	0.109246474016138
2	20	0.0380939992673453
2	6	0
2	29	0.069537191776036
2	15	0.00125892326937189
2	44	0.0315777761185958
2	42	0.0394667129434398
2	37	0.0514461819291767
2	34	0.000985015933031149
2	4	0.000323925316778831
2	26	0.113314294259072
27	49	0.17282996900018
27	3	0.292173607060898
27	14	0.000338525076937389
27	21	0.218793070355411
27	18	0.440404465320325
27	13	0.0801073262066255
27	45	0.188808925290998
27	40	0.541691022813414
27	8	0.122717455604681
27	36	0.419823596305777
27	17	0.196301265113739
27	2	0.0324103409610937
27	27	
27	1	0.0341607912863591
27	19	0.266715024742748
27	38	0.253587462808057
27	12	0.230120668574771
27	22	0.118199939628927
27	23	0.173374914311012
27	46	0.254155957484449
27	48	0.0726012964252545
27	10	0.250460379217084
27	33	0.198305112663392
27	41	0.077383329724972
27	24	0.0349769007118082
27	39	0.000187783485373156
27	11	0.000213421013973678
27	7	0.0264427613534806
27	25	0.107315806766852
27	9	0.126815764516135
27	43	0.287505261893118
27	5	0.18284609007454
27	28	0.24518951674801
27	47	0.428036902754139
27	35	0.168043805452002
27	32	0.0801073262066255
27	16	0.214637117012856
27	30	0.110835167122892
27	31	0.230120668574771
27	20	0.000195804308225377
27	6	1.41400629247277e-05
27	29	0.315266340408965
27	15	0.000425504296574787
27	44	0.143504975813294
27	42	0.272280444566459
27	37	0.0694987643122647
27	34	0.313473926251626
27	4	0.335916311120079
27	26	0.266895513238126
1	49	9.4666286973112e-07
1	3	0.175320782336308
1	14	7.26337082081084e-05
1	21	0.391374933900381
1	18	0.389873117780981
1	13	0.310459422771654
1	45	0.208216449329065
1	40	4.00111571108518e-05
1	8	0.000135692175873706
1	36	0.019262004363628
1	17	8.30443617439478e-05
1	2	0.0454180595441949
1	27	0.0341607912863591
1	1	
1	19	0.21890898624111
1	38	0.0182972475841869
1	12	0.407648203978079
1	22	0.331750986403248
1	23	0.0255171425282548
1	46	0.483254385016217
1	48	0.122981542089365
1	10	0.334150531755954
1	33	0.045116140160802
1	41	0.531069775342606
1	24	0.000117224863769278
1	39	0.473410029060314
1	11	0.343761912305536
1	7	0.0512131443265972
1	25	0.380827452884803
1	9	0.0820512400407117
1	43	0.233568346085929
1	5	0.295311531402423
1	28	0.0395763207446061
1	47	4.26675709694951e-05
1	35	4.79853954182706e-05
1	32	0.310459422771654
1	16	0.0755888563636601
1	30	0.428364921327346
1	31	0.407648203978079
1	20	0.258082724760149
1	6	0
1	29	0.348132770125129
1	15	0.258442319746704
1	44	0.461204448560001
1	42	0.299387293770116
1	37	0.0486995968182067
1	34	0.187028525202782
1	4	0.0881058635408887
1	26	0.334937155477851
19	49	0.0144051714452184
19	3	0.160208678558976
19	14	0.0194902418726802
19	21	0.686352363697119
19	18	0.460433866622095
19	13	0.221762072745552
19	45	0.149337107293109
19	40	0.261674596666326
19	8	0.134518014380438
19	36	0.358055776046906
19	17	0.0236316097185827
19	2	0.0626226003341458
19	27	0.266715024742748
19	1	0.21890898624111
19	19	
19	38	0.222046931780114
19	12	0.31565907855689
19	22	0.205042637051098
19	23	0.0913250008310048
19	46	0.399119893322302
19	48	0.126812592322677
19	10	0.237137127663326
19	33	0.0241637530373255
19	41	0.375614261922308
19	24	0.0152806021564737
19	39	0.327863864036091
19	11	0.262597722663363
19	7	0.0271459070560607
19	25	0.235288133912604
19	9	0.0920672073973789
19	43	0.262683170846717
19	5	0.231636922844106
19	28	0.245158062564774
19	47	0.101583830955456
19	35	0.357174164085126
19	32	0.221762072745552
19	16	0.012842934864087
19	30	0.306905801298668
19	31	0.31565907855689
19	20	0.225011778918721
19	6	1.41299447468622e-05
19	29	0.248812843582891
19	15	0.202941972478588
19	44	0.446751309963065
19	42	0.402820167912249
19	37	0.0174510367979865
19	34	0.661114378887903
19	4	0.190643637111227
19	26	0.448550977695275
38	49	1.94365545060217e-05
38	3	6.85380259034402e-05
38	14	0.000181869153302303
38	21	0.166812576101932
38	18	0.209720530758669
38	13	0.000245614359322665
38	45	5.32749315577533e-05
38	40	0.208151388149695
38	8	0.0935627085402392
38	36	0.282409003859462
38	17	0.0353013690225328
38	2	0.049643423370059
38	27	0.253587462808057
38	1	0.0182972475841869
38	19	0.222046931780114
38	38	
38	12	0.115764856367839
38	22	0.219459235607487
38	23	0.116188586957326
38	46	0.0813986213377752
38	48	0.0376566745537041
38	10	0.0443415160083508
38	33	0.000254527431518704
38	41	0.0373154703294892
38	24	0.00025220633670991
38	39	0.0348999713576481
38	11	0.000283388435014148
38	7	0.22927595113728
38	25	0.0508994543563718
38	9	0.120314891446339
38	43	0.179304820871636
38	5	0.0390658995489035
38	28	0.187100054758797
38	47	0.0774319166648333
38	35	0.147643207531292
38	32	0.000245614359322665
38	16	0.000310334162097371
38	30	0.0001974859715149
38	31	0.115764856367839
38	20	0.0418577252552161
38	6	2.1567326679246e-05
38	29	8.26620965586896e-06
38	15	0.000207059925847985
38	44	0.0911633878998306
38	42	0.244920194767796
38	37	0.440381873550479
38	34	0.239109050356801
38	4	0.168228123401183
38	26	0.156245481027209
12	49	0.136894699611542
12	3	0.482306668984885
12	14	0.0164606484555451
12	21	0.482946550584787
12	18	0.66756941744499
12	13	0.527602240662416
12	45	0.470174128892753
12	40	0.260630048333213
12	8	0.0130943027048249
12	36	0.0854970465018255
12	17	0.16942899654612
12	2	0.109246474016138
12	27	0.230120668574771
12	1	0.407648203978079
12	19	0.31565907855689
12	38	0.115764856367839
12	12	
12	22	0.580181130854793
12	23	0.0707636594968974
12	46	0.75807613999838
12	48	0.265429465905564
12	10	0.592802655731347
12	33	0.164221205511498
12	41	0.611168959193764
12	24	0.0133424294513529
12	39	0.563678063687838
12	11	0.468733324731374
12	7	0.0228116664088748
12	25	0.495223309970251
12	9	0.0585274512469882
12	43	0.424709056741804
12	5	0.574042099476667
12	28	0.000126222645554791
12	47	0.282131415294749
12	35	0.0441396038271285
12	32	0.527602240662416
12	16	0.14927396074395
12	30	0.623983757296754
12	31	1
12	20	0.392263182993462
12	6	1.22063186772517e-05
12	29	0.729834653971501
12	15	0.330080967804264
12	44	0.56705300937416
12	42	0.41173968185758
12	37	0.135061114734489
12	34	0.23079774677403
12	4	0.127466373191775
12	26	0.602998153224453
22	49	8.86285476374432e-07
22	3	0.164177211091874
22	14	0.0498539074334169
22	21	0.366447847009349
22	18	0.531122270047269
22	13	0.290692439256037
22	45	0.194981995281794
22	40	0.0269873875917942
22	8	0.000251997371343021
22	36	0.066688682941062
22	17	0.000154124697015618
22	2	0.127373700193775
22	27	0.118199939628927
22	1	0.331750986403248
22	19	0.205042637051098
22	38	0.219459235607487
22	12	0.580181130854793
22	22	
22	23	0.0239185127885814
22	46	0.524092238431394
22	48	0.211951274160182
22	10	0.426696023067689
22	33	7.0702498925769e-05
22	41	0.527385736942342
22	24	0.00108695125070687
22	39	0.399648607890713
22	11	0.367039966754107
22	7	0.0353284509012712
22	25	0.486254365872289
22	9	0.134958306700925
22	43	0.197703571959646
22	5	0.410556736607438
22	28	0.000192919551922572
22	47	7.93215572242304e-05
22	35	0.100399376089824
22	32	0.290692439256037
22	16	0.0374745113158654
22	30	0.40117533393228
22	31	0.580181130854793
22	20	0.241622416988878
22	6	0.000907667567663716
22	29	0.326259035386722
22	15	0.242060982577212
22	44	0.431789201275114
22	42	0.450224797947237
22	37	0.239774201536811
22	34	0.175206676581302
22	4	0.0376307474946103
22	26	0.37523617247179
23	49	9.26681572784236e-06
23	3	4.33161298376713e-05
23	14	5.06355446398363e-05
23	21	0.0828788531755582
23	18	0.163945722888961
23	13	0
23	45	0.219887196213098
23	40	0.145287281829036
23	8	0.354049391449795
23	36	0.196892466187534
23	17	0.533917038330668
23	2	0.024208209991101
23	27	0.173374914311012
23	1	0.0255171425282548
23	19	0.0913250008310048
23	38	0.116188586957326
23	12	0.0707636594968974
23	22	0.0239185127885814
23	23	
23	46	0.0876124770688972
23	48	0.0365392861247183
23	10	0.024123538508344
23	33	0.24623371717494
23	41	0.0382284073182672
23	24	6.1486271417674e-05
23	39	0.16336156861654
23	11	6.90882650262336e-05
23	7	0.0197766010309715
23	25	0.0274391635962752
23	9	0.0504532022702123
23	43	0.107126021618746
23	5	0.114680543802594
23	28	0.0915819525330479
23	47	0.142638437156276
23	35	0.053217362556053
23	32	0
23	16	0.0212722305793474
23	30	2.15240171154781e-05
23	31	0.0707636594968974
23	20	8.5383337602111e-06
23	6	1.05631414208837e-05
23	29	0.102888978208438
23	15	4.30626750620602e-05
23	44	0.0624469690531942
23	42	0.102680272099756
23	37	0
23	34	0.140240039660805
23	4	0.0597115712095909
23	26	0.122936862518901
46	49	0.144269778136012
46	3	0.508763274901269
46	14	0.00802777848984311
46	21	0.63532228753915
46	18	0.761825711946133
46	13	0.527457706148061
46	45	0.465809863677185
46	40	0.303380082020066
46	8	0.0301514649021838
46	36	0.155109915959588
46	17	0.203590559659143
46	2	0.0269510514128057
46	27	0.254155957484449
46	1	0.483254385016217
46	19	0.399119893322302
46	38	0.0813986213377752
46	12	0.75807613999838
46	22	0.524092238431394
46	23	0.0876124770688972
46	46	
46	48	0.26145066008685
46	10	0.615956809210851
46	33	0.158480236898172
46	41	0.73479129129955
46	24	0.00642289658007472
46	39	0.643273545045057
46	11	0.542998565286551
46	7	0.0171781216623435
46	25	0.568509768432085
46	9	0.0587597315080398
46	43	0.435811563718743
46	5	0.523602580716869
46	28	0.050963828849587
46	47	0.306051184251932
46	35	0.123025710049538
46	32	0.527457706148061
46	16	0.166347310009149
46	30	0.750641126529424
46	31	0.75807613999838
46	20	0.400008911449882
46	6	0.0173928318528018
46	29	0.786352015167073
46	15	0.425445279559956
46	44	0.702699310022187
46	42	0.475306719264448
46	37	0.0361052181642671
46	34	0.370432887571834
46	4	0.187038037614564
46	26	0.582664490329406
48	49	0.0405340382216417
48	3	0.0707917239075565
48	14	0.000198448182851427
48	21	0.181705587638295
48	18	0.225402427098273
48	13	0.179035207145456
48	45	0.162080266136737
48	40	0.045007287367746
48	8	0.0464271297228769
48	36	0.203458725576714
48	17	0.071036905839362
48	2	0.0363675483138658
48	27	0.0726012964252545
48	1	0.122981542089365
48	19	0.126812592322677
48	38	0.0376566745537041
48	12	0.265429465905564
48	22	0.211951274160182
48	23	0.0365392861247183
48	46	0.26145066008685
48	48	
48	10	0.148637987197115
48	33	0.0141913563842014
48	41	0.184385511669905
48	24	0.00651479675791385
48	39	0.175905709472591
48	11	0.137937760243639
48	7	0.0232254111774835
48	25	0.216786772111993
48	9	0.188300384099327
48	43	0.113943512158452
48	5	0.250044045237042
48	28	4.10448649642852e-05
48	47	0.0791205835200343
48	35	0.0511306989973639
48	32	0.179035207145456
48	16	0.042249396601176
48	30	0.190820756650638
48	31	0.265429465905564
48	20	0.149875682648681
48	6	0.0359218846011894
48	29	0.244352939534273
48	15	0.135202641561748
48	44	0.195842893640227
48	42	0.133247762507904
48	37	0.0390492354736723
48	34	0.144132893016964
48	4	0.0252161512785496
48	26	0.242601323170639
10	49	0.265061941464922
10	3	0.528808404927122
10	14	0.0504444944413739
10	21	0.369381353883315
10	18	0.5628400063053
10	13	0.419113219365817
10	45	0.355120629181228
10	40	0.307066392930109
10	8	0.0926010948730591
10	36	0.0350904562574341
10	17	0.147674220454492
10	2	0.0429696778746616
10	27	0.250460379217084
10	1	0.334150531755954
10	19	0.237137127663326
10	38	0.0443415160083508
10	12	0.592802655731347
10	22	0.426696023067689
10	23	0.024123538508344
10	46	0.615956809210851
10	48	0.148637987197115
10	10	
10	33	0.400407230331338
10	41	0.500977292336652
10	24	0.0404755271065253
10	39	0.402902893541522
10	11	0.369638578221247
10	7	2.19069432701884e-05
10	25	0.484859882617692
10	9	0.0462665415784475
10	43	0.393695969715342
10	5	0.31259205004343
10	28	0.000268151080131479
10	47	0.246405032767887
10	35	0.0337358931899321
10	32	0.419113219365817
10	16	0.278571298629928
10	30	0.550143154931497
10	31	0.592802655731347
10	20	0.277764530415879
10	6	0
10	29	0.565658597935853
10	15	0.278379015355679
10	44	0.435271163253021
10	42	0.317041795175161
10	37	0.178294295095158
10	34	0.176620749665735
10	4	0.233600203107358
10	26	0.336490123274795
33	49	0.316727105622935
33	3	0.398756633407107
33	14	0.0417596500811735
33	21	1.73599148214944e-07
33	18	0.163846994194529
33	13	0.129224882201741
33	45	0.471172704594937
33	40	0.333706641592783
33	8	0.0885837033651774
33	36	9.55848155402297e-05
33	17	0.515269261150592
33	2	4.03446813818697e-05
33	27	0.198305112663392
33	1	0.045116140160802
33	19	0.0241637530373255
33	38	0.000254527431518704
33	12	0.164221205511498
33	22	7.0702498925769e-05
33	23	0.24623371717494
33	46	0.158480236898172
33	48	0.0141913563842014
33	10	0.400407230331338
33	33	
33	41	2.83131883580911e-05
33	24	0.0423536617921458
33	39	0.321345363335097
33	11	0.0378650034296294
33	7	0.0691772590285159
33	25	0.0381577680123234
33	9	0.0190448370550748
33	43	0.241076601771985
33	5	0.0294304996880026
33	28	5.40933245029948e-05
33	47	0.273928335050812
33	35	0.0293572084865836
33	32	0.129224882201741
33	16	0.332961199158467
33	30	0.18706379096486
33	31	0.164221205511498
33	20	0.0284381050240342
33	6	0
33	29	0.277334709845274
33	15	0.0284973459596332
33	44	1.89805430473443e-07
33	42	0.0191869922944891
33	37	0.0893228868344611
33	34	0.0215780386416837
33	4	0.291811333847446
33	26	1.91437638748356e-05
41	49	1.33688228279661e-05
41	3	0.283886256424898
41	14	0.0398386427400505
41	21	0.588569455127105
41	18	0.58457997391556
41	13	0.466901279768
41	45	0.312216340477541
41	40	0.0444315639871917
41	8	6.9612143249468e-05
41	36	0.0288916970996291
41	17	0.0241585945899562
41	2	5.76199497836734e-05
41	27	0.077383329724972
41	1	0.531069775342606
41	19	0.375614261922308
41	38	0.0373154703294892
41	12	0.611168959193764
41	22	0.527385736942342
41	23	0.0382284073182672
41	46	0.73479129129955
41	48	0.184385511669905
41	10	0.500977292336652
41	33	2.83131883580911e-05
41	41	
41	24	0.0366057597546857
41	39	0.663974590296806
41	11	0.551435182808656
41	7	1.25797722208405e-05
41	25	0.610445678720945
41	9	0.0384429360061902
41	43	0.334270255192298
41	5	0.500318853048823
41	28	0.00848594515160027
41	47	4.85328251803659e-05
41	35	1.18414275781554e-05
41	32	0.466901279768
41	16	0.0901339580070807
41	30	0.642264059259605
41	31	0.611168959193764
41	20	0.415825093787313
41	6	0.00278361350624726
41	29	0.52208468259136
41	15	0.387480087050385
41	44	0.691658172719818
41	42	0.450058420491657
41	37	6.10725792243902e-05
41	34	0.280339939915767
41	4	0.0619761186089823
41	26	0.502175816499377
24	49	0.0195620840490543
24	3	0.0279311754481854
24	14	0.13744606002306
24	21	7.42106601897841e-05
24	18	0.0530196230727477
24	13	5.2364931131548e-07
24	45	7.02310866134392e-07
24	40	0.0144051304918708
24	8	0.0500191977204425
24	36	4.17076142296557e-07
24	17	0.0115644212497016
24	2	0.000245857204127663
24	27	0.0349769007118082
24	1	0.000117224863769278
24	19	0.0152806021564737
24	38	0.00025220633670991
24	12	0.0133424294513529
24	22	0.00108695125070687
24	23	6.1486271417674e-05
24	46	0.00642289658007472
24	48	0.00651479675791385
24	10	0.0404755271065253
24	33	0.0423536617921458
24	41	0.0366057597546857
24	24	
24	39	0.0112318076532138
24	11	0.1247566982311
24	7	0.000799807071625799
24	25	0.148968274225192
24	9	5.54651882730361e-07
24	43	0.0808359452253077
24	5	0.0407139713619914
24	28	1.48068562131575e-06
24	47	0.0212999675675488
24	35	9.58022315412834e-05
24	32	5.2364931131548e-07
24	16	0.195935229458401
24	30	8.19278305674761e-05
24	31	0.0133424294513529
24	20	0.0316045912314739
24	6	0.000967798802376587
24	29	0.000352529946588273
24	15	0.0936909934543121
24	44	7.21771064707207e-07
24	42	0.0379210749937584
24	37	0.12129482769496
24	34	0.000141149925174741
24	4	3.85768007161483e-06
24	26	0.000588092746328036
39	49	0.000206156846370627
39	3	0.24498441765856
39	14	0.000278930855821659
39	21	0.545418664989701
39	18	0.504186809782831
39	13	0.432669645178754
39	45	0.498208512742236
39	40	0.0215386949159372
39	8	0.0458284266637983
39	36	0.000288591374925597
39	17	0.246722495421785
39	2	1.13970661667925e-06
39	27	0.000187783485373156
39	1	0.473410029060314
39	19	0.327863864036091
39	38	0.0348999713576481
39	12	0.563678063687838
39	22	0.399648607890713
39	23	0.16336156861654
39	46	0.643273545045057
39	48	0.175905709472591
39	10	0.402902893541522
39	33	0.321345363335097
39	41	0.663974590296806
39	24	0.0112318076532138
39	39	
39	11	0.545904917005111
39	7	2.72468487870707e-05
39	25	0.45930731371269
39	9	0.000152721732592655
39	43	0.240969721298899
39	5	0.356210928398502
39	28	5.16698214283143e-07
39	47	0.000706835342982305
39	35	1.10022729029574e-05
39	32	0.432669645178754
39	16	0.00938368286068194
39	30	0.596827929967724
39	31	0.563678063687838
39	20	0.396013678787385
39	6	1.37831522593487e-05
39	29	0.485166889723717
39	15	0.360336331496823
39	44	0.596345251752456
39	42	0.361268920762893
39	37	4.08463226273178e-07
39	34	0.260583332459273
39	4	0.0730687794748706
39	26	0.432842912319833
11	49	0.0219806863562398
11	3	0.196605141926919
11	14	0.355526825548763
11	21	0.439032394007166
11	18	0.532722947405384
11	13	0.396982378124599
11	45	0.266213900247845
11	40	0.0683339616815405
11	8	0.0173678981758991
11	36	0.0194977475967363
11	17	0.061136405763496
11	2	0.0509957244216672
11	27	0.000213421013973678
11	1	0.343761912305536
11	19	0.262597722663363
11	38	0.000283388435014148
11	12	0.468733324731374
11	22	0.367039966754107
11	23	6.90882650262336e-05
11	46	0.542998565286551
11	48	0.137937760243639
11	10	0.369638578221247
11	33	0.0378650034296294
11	41	0.551435182808656
11	24	0.1247566982311
11	39	0.545904917005111
11	11	
11	7	9.99165968727915e-07
11	25	0.600933362832945
11	9	0.0258409193230866
11	43	0.331229803694331
11	5	0.326746732609157
11	28	1.66375352200314e-06
11	47	0.0791320175682819
11	35	0.000244549501042306
11	32	0.396982378124599
11	16	0.199159569511224
11	30	0.48064469077763
11	31	0.468733324731374
11	20	0.309733798719232
11	6	0
11	29	0.390487904827078
11	15	0.491505050402328
11	44	0.513553833390281
11	42	0.381660965311528
11	37	0.0272262743167839
11	34	0.209813197364391
11	4	0.0726685331890913
11	26	0.397393371512574
7	49	0.0528852351103173
7	3	3.17196313990573e-05
7	14	2.07536986389731e-05
7	21	0.00104715881519005
7	18	2.38710478458303e-05
7	13	2.25652333755618e-07
7	45	3.06514975037894e-05
7	40	5.96501002970032e-07
7	8	0.000791675648997258
7	36	1.57813922973387e-05
7	17	0.0416572327272131
7	2	0.00111520004200094
7	27	0.0264427613534806
7	1	0.0512131443265972
7	19	0.0271459070560607
7	38	0.22927595113728
7	12	0.0228116664088748
7	22	0.0353284509012712
7	23	0.0197766010309715
7	46	0.0171781216623435
7	48	0.0232254111774835
7	10	2.19069432701884e-05
7	33	0.0691772590285159
7	41	1.25797722208405e-05
7	24	0.000799807071625799
7	39	2.72468487870707e-05
7	11	9.99165968727915e-07
7	7	
7	25	0.0621829170683591
7	9	0.0894481220308154
7	43	0.1168325866214
7	5	0.0482539649184226
7	28	6.38060928923844e-07
7	47	3.26556420146089e-05
7	35	0.0481202108674171
7	32	2.25652333755618e-07
7	16	0.078866907465649
7	30	0.041153852024681
7	31	0.0228116664088748
7	20	1.41331610869592e-05
7	6	0.000851113349267451
7	29	0.0222133134262374
7	15	0.00091958557592489
7	44	0.0741811146889698
7	42	0.0160983586582699
7	37	0.263817642198734
7	34	0.0359395997584443
7	4	0.0987552301977214
7	26	0.0397166072848038
25	49	0.0660832634024798
25	3	0.218570049311317
25	14	0.255146222172476
25	21	0.420854721476443
25	18	0.595665385386436
25	13	0.334008549855171
25	45	0.223848089075573
25	40	0.0257231946113877
25	8	9.22341674700289e-05
25	36	0.0395029506294857
25	17	0.0512020053647457
25	2	0.0487599581801551
25	27	0.107315806766852
25	1	0.380827452884803
25	19	0.235288133912604
25	38	0.0508994543563718
25	12	0.495223309970251
25	22	0.486254365872289
25	23	0.0274391635962752
25	46	0.568509768432085
25	48	0.216786772111993
25	10	0.484859882617692
25	33	0.0381577680123234
25	41	0.610445678720945
25	24	0.148968274225192
25	39	0.45930731371269
25	11	0.600933362832945
25	7	0.0621829170683591
25	25	
25	9	0.0911037428360877
25	43	0.373217692565314
25	5	0.460191480501455
25	28	2.39252451225965e-06
25	47	0.000473217864456355
25	35	0.0985841966055924
25	32	0.334008549855171
25	16	0.356651017584544
25	30	0.511037434139152
25	31	0.495223309970251
25	20	0.277522691463061
25	6	0
25	29	0.401732719730591
25	15	0.451712986373026
25	44	0.495944019639932
25	42	0.44825211579946
25	37	0.150800203005977
25	34	0.245166443430048
25	4	0.067445954735803
25	26	0.38353141014383
9	49	0.0402457706462447
9	3	0.000614246781783861
9	14	0.000202246309255529
9	21	0.0821783259008602
9	18	0.118285453115718
9	13	0.0507608269269438
9	45	0.0159775042798975
9	40	0.0902897335009388
9	8	0.0461792783463104
9	36	0.158717945508695
9	17	0.0637897936671172
9	2	0.0487143933856648
9	27	0.126815764516135
9	1	0.0820512400407117
9	19	0.0920672073973789
9	38	0.120314891446339
9	12	0.0585274512469882
9	22	0.134958306700925
9	23	0.0504532022702123
9	46	0.0587597315080398
9	48	0.188300384099327
9	10	0.0462665415784475
9	33	0.0190448370550748
9	41	0.0384429360061902
9	24	5.54651882730361e-07
9	39	0.000152721732592655
9	11	0.0258409193230866
9	7	0.0894481220308154
9	25	0.0911037428360877
9	9	
9	43	0.0796974401329786
9	5	0.070793683004587
9	28	0.0922938562327995
9	47	0.0619473209272112
9	35	0.102623907390166
9	32	0.0507608269269438
9	16	0.051352574739968
9	30	0.0253762798791662
9	31	0.0585274512469882
9	20	0.00013772868719331
9	6	0
9	29	0.0153927221520676
9	15	0.00525754671872907
9	44	0.0950446701625041
9	42	0.13260900588967
9	37	0.0523761087641486
9	34	0.139765812581434
9	4	0.222923494289044
9	26	0.113195479528056
43	49	0.190023254402545
43	3	0.291899104798275
43	14	0.194400616716602
43	21	0.286220738622245
43	18	0.486759094851851
43	13	0.221889057750708
43	45	0.247938666931959
43	40	0.337163704981421
43	8	0.111967737396286
43	36	0.182560962366096
43	17	0.186442763309911
43	2	0.00088940906266617
43	27	0.287505261893118
43	1	0.233568346085929
43	19	0.262683170846717
43	38	0.179304820871636
43	12	0.424709056741804
43	22	0.197703571959646
43	23	0.107126021618746
43	46	0.435811563718743
43	48	0.113943512158452
43	10	0.393695969715342
43	33	0.241076601771985
43	41	0.334270255192298
43	24	0.0808359452253077
43	39	0.240969721298899
43	11	0.331229803694331
43	7	0.1168325866214
43	25	0.373217692565314
43	9	0.0796974401329786
43	43	
43	5	0.352426985337744
43	28	0.0901337962291487
43	47	0.277528839877537
43	35	0.0816856254459041
43	32	0.221889057750708
43	16	0.317119906049918
43	30	0.331268715968013
43	31	0.424709056741804
43	20	0.386966158658401
43	6	1.03835456506878e-05
43	29	0.427591833514694
43	15	0.249851513413664
43	44	0.303561679320704
43	42	0.444007204633241
43	37	0.151385401239597
43	34	0.249013895033466
43	4	0.243324373267944
43	26	0.304047427617727
5	49	0.0515125527170718
5	3	0.209490678383662
5	14	0.0446434499254245
5	21	0.326537041333166
5	18	0.450321188026099
5	13	0.360747315776099
5	45	0.336803989232651
5	40	0.117487840543859
5	8	0.0673072883138479
5	36	0.0868757997181032
5	17	0.138038107579915
5	2	0.148543823502562
5	27	0.18284609007454
5	1	0.295311531402423
5	19	0.231636922844106
5	38	0.0390658995489035
5	12	0.574042099476667
5	22	0.410556736607438
5	23	0.114680543802594
5	46	0.523602580716869
5	48	0.250044045237042
5	10	0.31259205004343
5	33	0.0294304996880026
5	41	0.500318853048823
5	24	0.0407139713619914
5	39	0.356210928398502
5	11	0.326746732609157
5	7	0.0482539649184226
5	25	0.460191480501455
5	9	0.070793683004587
5	43	0.352426985337744
5	5	
5	28	0
5	47	0.164399442978238
5	35	0.0764462711834949
5	32	0.360747315776099
5	16	0.113743693884314
5	30	0.396492357654527
5	31	0.574042099476667
5	20	0.300161495136934
5	6	3.29992018798799e-05
5	29	0.507872568236549
5	15	0.21593031917892
5	44	0.384842695850777
5	42	0.280751840585244
5	37	0.0405469985206958
5	34	0.190241506934165
5	4	0.085742116813947
5	26	0.504497380869012
28	49	6.78082509164892e-07
28	3	5.89481318962023e-05
28	14	9.17447748783615e-07
28	21	0.222344846669104
28	18	0.202471627141817
28	13	0.0026237153541523
28	45	7.00086467471046e-05
28	40	0.229837685251035
28	8	0.122656341937736
28	36	0.346070652749328
28	17	1.04894634475859e-06
28	2	0.000300190376744611
28	27	0.24518951674801
28	1	0.0395763207446061
28	19	0.245158062564774
28	38	0.187100054758797
28	12	0.000126222645554791
28	22	0.000192919551922572
28	23	0.0915819525330479
28	46	0.050963828849587
28	48	4.10448649642852e-05
28	10	0.000268151080131479
28	33	5.40933245029948e-05
28	41	0.00848594515160027
28	24	1.48068562131575e-06
28	39	5.16698214283143e-07
28	11	1.66375352200314e-06
28	7	6.38060928923844e-07
28	25	2.39252451225965e-06
28	9	0.0922938562327995
28	43	0.0901337962291487
28	5	0
28	28	
28	47	0.101092208428456
28	35	0.14269454333918
28	32	0.0026237153541523
28	16	8.75708040753889e-05
28	30	0.000144015644966864
28	31	0.000126222645554791
28	20	6.24777156495729e-07
28	6	0.0052898481221302
28	29	5.61849945436411e-07
28	15	8.68797447813131e-05
28	44	0.119778919094583
28	42	0.219686603393427
28	37	0.00032107886039898
28	34	0.314011810150829
28	4	0.19731237648505
28	26	0.320800505766791
47	49	0.238786994935499
47	3	0.449220518360494
47	14	0.000692885980107104
47	21	0.0904305264534078
47	18	0.353661782283777
47	13	0.157900533476011
47	45	0.328591536515209
47	40	0.597053953748776
47	8	0.0564013235710517
47	36	0.232465122488412
47	17	0.355304329308153
47	2	0.026679742094177
47	27	0.428036902754139
47	1	4.26675709694951e-05
47	19	0.101583830955456
47	38	0.0774319166648333
47	12	0.282131415294749
47	22	7.93215572242304e-05
47	23	0.142638437156276
47	46	0.306051184251932
47	48	0.0791205835200343
47	10	0.246405032767887
47	33	0.273928335050812
47	41	4.85328251803659e-05
47	24	0.0212999675675488
47	39	0.000706835342982305
47	11	0.0791320175682819
47	7	3.26556420146089e-05
47	25	0.000473217864456355
47	9	0.0619473209272112
47	43	0.277528839877537
47	5	0.164399442978238
47	28	0.101092208428456
47	47	
47	35	0.058761342304051
47	32	0.157900533476011
47	16	0.216895909105153
47	30	0.182694964677056
47	31	0.282131415294749
47	20	0.0065464304896376
47	6	2.3306125556336e-05
47	29	0.51969878912147
47	15	0.00641283481837284
47	44	0.0672978751536836
47	42	0.0904630829223711
47	37	4.7975128189718e-05
47	34	0.129447557431992
47	4	0.309052172391918
47	26	0.196816386111992
35	49	0.0511384914001158
35	3	1.80706530042777e-05
35	14	7.8895630845005e-05
35	21	0.378607844343892
35	18	0.159801751714139
35	13	0
35	45	0
35	40	0.133432305428428
35	8	0.0712878439036916
35	36	0.216624556644334
35	17	0.0417787567293501
35	2	0.0377189978395863
35	27	0.168043805452002
35	1	4.79853954182706e-05
35	19	0.357174164085126
35	38	0.147643207531292
35	12	0.0441396038271285
35	22	0.100399376089824
