1	1	1.0
1	2	0.219944441569
1	3	0.247548223251
1	4	0.172527492958
1	5	0.267540302594
1	6	0.221618774859
1	7	0.146967500662
1	8	0.109692312385
1	9	0.146468301102
1	10	0.0
1	11	0.384827018098
1	12	0.242931616442
1	13	0.315878171801
1	14	0.309846975295
1	15	0.191034171954
1	16	0.251181542964
1	17	0.169878038873
1	18	0.53042085285
1	19	0.29636137406
1	20	0.191192289606
1	21	0.227497491746
1	22	0.248620205412
1	23	0.245522398837
1	24	0.131263790987
1	25	0.245750805866
1	26	0.287446860965
1	27	0.441243951982
1	28	0.271575813177
1	29	0.191024354785
1	30	0.122528869128
1	31	0.433032211109
1	32	0.206700304063
1	33	0.154065313015
1	34	0.357207844359
1	35	0.249049752149
1	36	0.222856993397
1	37	0.170593581344
1	38	0.276704678969
1	39	0.221238160486
1	40	0.0674276368003
1	41	0.469867321381
1	42	0.147150600669
1	43	0.218187357981
1	44	0.223494351498
1	45	0.188825061825
1	46	0.236598779504
1	47	0.309871833974
1	48	0.309374851777
1	49	0.265066446846
1	50	0.252654072108
1	51	0.240423743173
1	52	0.159740806938
1	53	0.182799855309
1	54	0.262474475936
1	55	0.311166119391
1	56	0.152947757066
1	57	0.221634033459
1	58	0.4403060533
1	59	0.135209307202
1	60	0.132926963298
1	61	0.217009074807
1	62	0.0372104982698
1	63	0.185466301644
1	64	0.078838674434
1	65	0.367966920184
1	66	0.0
1	67	0.0720949609511
1	68	0.320046626092
1	69	0.171558435782
1	70	0.302821205038
1	71	0.278252199158
1	72	0.161053747515
2	1	0.219944441569
2	2	1.0
2	3	0.124434877785
2	4	0.122830949381
2	5	0.24803006586
2	6	0.107639065153
2	7	0.169491478628
2	8	0.156190884584
2	9	0.104278107623
2	10	0.0363313436277
2	11	0.130847730714
2	12	0.0691820661642
2	13	0.179911572659
2	14	0.310497273557
2	15	0.044106204729
2	16	0.0894143503172
2	17	0.21210987056
2	18	0.221837932114
2	19	0.237961862338
2	20	0.0300332065344
2	21	0.161966840264
2	22	0.212142574041
2	23	0.253440641739
2	24	0.0934532565793
2	25	0.140260010662
2	26	0.0818591175788
2	27	0.420284480319
2	28	0.229102748333
2	29	0.104842921803
2	30	0.238843813364
2	31	0.421505423034
2	32	0.443757616291
2	33	0.510689785939
2	34	0.125484076857
2	35	0.307457068357
2	36	0.986930848418
2	37	0.23597374164
2	38	0.423375526974
2	39	0.0399724001091
2	40	0.48298677928
2	41	0.347031440206
2	42	0.0749431958577
2	43	0.189482850627
2	44	0.0938997021722
2	45	0.493740601311
2	46	0.273080358862
2	47	0.25458450331
2	48	0.147207418675
2	49	0.074243965594
2	50	0.212301939306
2	51	0.385176088463
2	52	0.199023069372
2	53	0.100328939507
2	54	0.164053232687
2	55	0.177227776071
2	56	0.569728312195
2	57	0.119231319682
2	58	0.156737948306
2	59	0.321867186811
2	60	0.0946373521133
2	61	0.411391028173
2	62	0.159352230647
2	63	0.187585027872
2	64	0.0561291946152
2	65	0.169063837906
2	66	0.168957305193
2	67	0.0513280077709
2	68	0.160049040284
2	69	0.184133973033
2	70	0.0809489639356
2	71	0.15175260761
2	72	0.114232487587
3	1	0.247548223251
3	2	0.124434877785
3	3	1.0
3	4	0.177226227741
3	5	0.118466050961
3	6	0.361899993233
3	7	0.484551189787
3	8	0.414359889454
3	9	0.258982240558
3	10	0.19644885504
3	11	0.673728697247
3	12	0.564149269724
3	13	0.503748409665
3	14	0.249060523133
3	15	0.153905210302
3	16	0.181284355838
3	17	0.287166011799
3	18	0.446868143083
3	19	0.438424829016
3	20	0.338260425268
3	21	0.281027790209
3	22	0.500920783033
3	23	0.389954241279
3	24	0.380121536362
3	25	0.597193695592
3	26	0.540169526086
3	27	0.362429777025
3	28	0.569321638588
3	29	0.569034889897
3	30	0.204601527522
3	31	0.20318705729
3	32	0.222668863434
3	33	0.416584124942
3	34	0.583987289365
3	35	0.161472574711
3	36	0.0785581700427
3	37	0.241991898264
3	38	0.115839929797
3	39	0.280173699449
3	40	0.228100891408
3	41	0.409261216281
3	42	0.325772185426
3	43	0.297530186379
3	44	0.445673022009
3	45	0.130921599898
3	46	0.11221846532
3	47	0.508108807868
3	48	0.288887696895
3	49	0.226297151166
3	50	0.312087255397
3	51	0.434608487796
3	52	0.155570976021
3	53	0.555578723183
3	54	0.534264963344
3	55	0.496233838795
3	56	0.21635126517
3	57	0.0890656236589
3	58	0.505299011431
3	59	0.275297700529
3	60	0.558668452906
3	61	0.112560846781
3	62	0.344627146917
3	63	0.370678803316
3	64	0.126728112958
3	65	0.451488320582
3	66	0.0551691287647
3	67	0.127476828635
3	68	0.524185348498
3	69	0.490229389712
3	70	0.294389293606
3	71	0.513390677729
3	72	0.421597814714
4	1	0.172527492958
4	2	0.122830949381
4	3	0.177226227741
4	4	1.0
4	5	0.183701439213
4	6	0.540246172756
4	7	0.231609499421
4	8	0.184702746828
4	9	0.328836141126
4	10	0.114569194942
4	11	0.157859391143
4	12	0.0
4	13	0.212753527486
4	14	0.354301472491
4	15	0.208630284343
4	16	0.279850499325
4	17	0.190696684349
4	18	0.215544219614
4	19	0.165093496784
4	20	0.216665863529
4	21	0.555343411768
4	22	0.234143594012
4	23	0.314984344583
4	24	0.392933972043
4	25	0.136790010494
4	26	0.0645347258262
4	27	0.32822935043
4	28	0.250689959624
4	29	0.107217246353
4	30	0.275089696525
4	31	0.305975576706
4	32	0.268004772267
4	33	0.304713376161
4	34	0.0
4	35	0.160514378178
4	36	0.124457503358
4	37	0.421299817263
4	38	0.150420138133
4	39	0.372526524936
4	40	0.302763720529
4	41	0.269590422555
4	42	0.388049764579
4	43	0.172671512405
4	44	0.246756936962
4	45	0.279586443456
4	46	0.0522450699339
4	47	0.14875621725
4	48	0.460732192031
4	49	0.351187315884
4	50	0.223161416032
4	51	0.270407333891
4	52	0.313804976035
4	53	0.102601038187
4	54	0.168366208468
4	55	0.209579817297
4	56	0.137353269886
4	57	0.0617326358847
4	58	0.191251567954
4	59	0.354151655376
4	60	0.298434468985
4	61	0.146162192526
4	62	0.461465252053
4	63	0.166556237719
4	64	0.0885003965953
4	65	0.337033804082
4	66	0.192636411192
4	67	0.161860474761
4	68	0.107455943869
4	69	0.144437261106
4	70	0.55031165196
4	71	0.258213388668
4	72	0.408000474456
5	1	0.267540302594
5	2	0.24803006586
5	3	0.118466050961
5	4	0.183701439213
5	5	1.0
5	6	0.13673758285
5	7	0.0117390999546
5	8	0.0418224649371
5	9	0.0
5	10	0.0
5	11	0.196049039225
5	12	0.0
5	13	0.118266054089
5	14	0.283621563096
5	15	0.188969799777
5	16	0.139688423311
5	17	0.129544642954
5	18	0.171285461266
5	19	0.248042638729
5	20	0.14784049348
5	21	0.175325368814
5	22	0.0440794351691
5	23	0.0805062641786
5	24	0.0970895819319
5	25	0.0756193193007
5	26	0.0
5	27	0.283766197731
5	28	0.165646340509
5	29	0.0353229070359
5	30	0.0604191838372
5	31	0.442852938682
5	32	0.186158548512
5	33	0.116894641571
5	34	0.130757025233
5	35	0.248911431866
5	36	0.251314533595
5	37	0.213101241292
5	38	0.102521610669
5	39	0.122729507205
5	40	0.273032150575
5	41	0.192536547378
5	42	0.0796329389181
5	43	0.21297669901
5	44	0.0975533990054
5	45	0.0690826776007
5	46	0.0688489141862
5	47	0.181188477739
5	48	0.190882606644
5	49	0.154265690557
5	50	0.0367604570189
5	51	0.178424898691
5	52	0.180890587416
5	53	0.0338020892807
5	54	0.0832028073656
5	55	0.116501842772
5	56	0.073569690097
5	57	0.287188455614
5	58	0.203166644894
5	59	0.0333359641955
5	60	0.0
5	61	0.099619529557
5	62	0.0
5	63	0.170848961803
5	64	0.0583132170974
5	65	0.151340165765
5	66	0.0423095989731
5	67	0.106650426069
5	68	0.238166567842
5	69	0.0644051285907
5	70	0.207252464667
5	71	0.226432023746
5	72	0.0600083475185
6	1	0.221618774859
6	2	0.107639065153
6	3	0.361899993233
6	4	0.540246172756
6	5	0.13673758285
6	6	1.0
6	7	0.273250779694
6	8	0.35410475726
6	9	0.262679819176
6	10	0.14643166804
6	11	0.392738201232
6	12	0.174271791505
6	13	0.339902164876
6	14	0.181979348124
6	15	0.177767857846
6	16	0.313644287343
6	17	0.245133702904
6	18	0.306173240007
6	19	0.317307463718
6	20	0.249491002462
6	21	0.492188438784
6	22	0.363387776169
6	23	0.427745112419
6	24	0.470823360707
6	25	0.271467988672
6	26	0.123723408644
6	27	0.401557831774
6	28	0.499711334335
6	29	0.276934907134
6	30	0.241125531524
6	31	0.286821470121
6	32	0.296389674928
6	33	0.465538099434
6	34	0.203450641816
6	35	0.2414379511
6	36	0.0825527811911
6	37	0.318184551835
6	38	0.257812875825
6	39	0.438278437436
6	40	0.290223279313
6	41	0.413957334845
6	42	0.390407657206
6	43	0.209908157459
6	44	0.315381721047
6	45	0.24670064015
6	46	0.134053853365
6	47	0.190365644943
6	48	0.447697390907
6	49	0.261832024596
6	50	0.215021397113
6	51	0.425061171817
6	52	0.22918644357
6	53	0.265011553165
6	54	0.326713836276
6	55	0.334831739128
6	56	0.154618650831
6	57	0.163287984469
6	58	0.262691090821
6	59	0.129326754798
6	60	0.381431126545
6	61	0.250514962025
6	62	0.513704689792
6	63	0.292705409342
6	64	0.169669439096
6	65	0.311469667471
6	66	0.131623031283
6	67	0.155156231051
6	68	0.297916114341
6	69	0.276909370118
6	70	0.352087139785
6	71	0.380480293707
6	72	0.582194013255
7	1	0.146967500662
7	2	0.169491478628
7	3	0.484551189787
7	4	0.231609499421
7	5	0.0117390999546
7	6	0.273250779694
7	7	1.0
7	8	0.543716025088
7	9	0.453753097786
7	10	0.253975545669
7	11	0.330449258788
7	12	0.406400055494
7	13	0.38164553136
7	14	0.24807361257
7	15	0.0767690457126
7	16	0.251003341234
7	17	0.184196444087
7	18	0.261733379373
7	19	0.330674885721
7	20	0.213596843867
7	21	0.30540396362
7	22	0.554753866523
7	23	0.488969253264
7	24	0.365985105348
7	25	0.234054032462
7	26	0.267149757246
7	27	0.263281044948
7	28	0.35751427844
7	29	0.429044863367
7	30	0.278365757271
7	31	0.144757149835
7	32	0.348681160541
7	33	0.405695093333
7	34	0.292207078463
7	35	0.22436854147
7	36	0.125939675706
7	37	0.232536602
7	38	0.113396851289
7	39	0.102808081933
7	40	0.438665209968
7	41	0.346145756183
7	42	0.227933417649
7	43	0.22455824794
7	44	0.408592769019
7	45	0.116366462766
7	46	0.086510061499
7	47	0.376319411331
7	48	0.317876646205
7	49	0.259502536812
7	50	0.215554556865
7	51	0.296932700573
7	52	0.185576551665
7	53	0.410572458326
7	54	0.325613756281
7	55	0.3759524069
7	56	0.38915459788
7	57	0.0
7	58	0.415196431174
7	59	0.477824950341
7	60	0.690507830657
7	61	0.0941199938013
7	62	0.426523700434
7	63	0.344740431641
7	64	0.122119572906
7	65	0.330712786577
7	66	0.070883829274
7	67	0.22480182773
7	68	0.257011521142
7	69	0.43933737605
7	70	0.315788746828
7	71	0.180713955344
7	72	0.321878974605
8	1	0.109692312385
8	2	0.156190884584
8	3	0.414359889454
8	4	0.184702746828
8	5	0.0418224649371
8	6	0.35410475726
8	7	0.543716025088
8	8	1.0
8	9	0.392011398778
8	10	0.21852795237
8	11	0.430141671482
8	12	0.520150569385
8	13	0.509347481927
8	14	0.197832462709
8	15	0.198969491158
8	16	0.400337695171
8	17	0.272799481413
8	18	0.164450616875
8	19	0.590432660918
8	20	0.122810830171
8	21	0.284143970632
8	22	0.797504951765
8	23	0.450598111596
8	24	0.562108272456
8	25	0.20872934239
8	26	0.369278360525
8	27	0.344333468883
8	28	0.578305467206
8	29	0.460136094711
8	30	0.218626205653
8	31	0.166746932247
8	32	0.365135136636
8	33	0.412344230143
8	34	0.448794264232
8	35	0.153081630743
8	36	0.039564799508
8	37	0.255685302879
8	38	0.191273083474
8	39	0.177638192228
8	40	0.50530200497
8	41	0.375771507792
8	42	0.210046678552
8	43	0.310404555469
8	44	0.56479358028
8	45	0.133319984115
8	46	0.149477459799
8	47	0.284467579479
8	48	0.219698808582
8	49	0.167462652325
8	50	0.159620810326
8	51	0.342039180521
8	52	0.128260278911
8	53	0.440325065513
8	54	0.561994564999
8	55	0.501749387964
8	56	0.39297904862
8	57	0.0588740565086
8	58	0.260565014592
8	59	0.386002717732
8	60	0.521794571414
8	61	0.185858712795
8	62	0.478037288326
8	63	0.43682022207
8	64	0.253206943565
8	65	0.2499989198
8	66	0.0
8	67	0.15436539524
8	68	0.445137578528
8	69	0.413246932539
8	70	0.242228782211
8	71	0.315208460726
8	72	0.513380762917
9	1	0.146468301102
9	2	0.104278107623
9	3	0.258982240558
9	4	0.328836141126
9	5	0.0
9	6	0.262679819176
9	7	0.453753097786
9	8	0.392011398778
9	9	1.0
9	10	0.145896358784
9	11	0.143588275435
9	12	0.277815531677
9	13	0.270927669469
9	14	0.176105836929
9	15	0.0
9	16	0.356371264336
9	17	0.121419862873
9	18	0.164688859765
9	19	0.262794681109
9	20	0.218646664305
9	21	0.379407487564
9	22	0.298166516892
9	23	0.451250902072
9	24	0.250187826635
9	25	0.243870354879
9	26	0.328722970182
9	27	0.167191423831
9	28	0.175497960568
9	29	0.273068268476
9	30	0.35030869408
9	31	0.0556628339517
9	32	0.243776076796
9	33	0.275294400972
9	34	0.199753085084
9	35	0.0681348458471
9	36	0.10565898086
9	37	0.146317553874
9	38	0.140147576282
9	39	0.237194053629
9	40	0.289162312039
9	41	0.211265064126
9	42	0.210350977367
9	43	0.207236163162
9	44	0.314228782228
9	45	0.0445043758122
9	46	0.133061342914
9	47	0.28414693567
9	48	0.22001709063
9	49	0.149071341165
9	50	0.284181433208
9	51	0.190297055282
9	52	0.0570871520606
9	53	0.261311391539
9	54	0.214403328663
9	55	0.266886157608
9	56	0.262365576806
9	57	0.0786124647055
9	58	0.395145635606
9	59	0.322134939643
9	60	0.506715641816
9	61	0.136180416272
9	62	0.478729830485
9	63	0.106049224786
9	64	0.0
9	65	0.190751312932
9	66	0.261250742944
9	67	0.103059351646
9	68	0.182450799834
9	69	0.367862765881
9	70	0.323439605175
9	71	0.0394581386891
9	72	0.342749671915
10	1	0.0
10	2	0.0363313436277
10	3	0.19644885504
10	4	0.114569194942
10	5	0.0
10	6	0.14643166804
10	7	0.253975545669
10	8	0.21852795237
10	9	0.145896358784
10	10	1.0
10	11	0.140076515244
10	12	0.149236726017
10	13	0.0943934108712
10	14	0.0613567106476
10	15	0.0792113010347
10	16	0.0620813282804
10	17	0.0846073420745
10	18	0.114757885277
10	19	0.0366239245438
10	20	0.0
10	21	0.188840949591
10	22	0.207767295176
10	23	0.17468832954
10	24	0.403187092286
10	25	0.105777410186
10	26	0.0
10	27	0.237516264512
10	28	0.122289843126
10	29	0.142708819549
10	30	0.122050407612
10	31	0.122847021022
10	32	0.277469161549
10	33	0.268561484128
10	34	0.0695956048712
10	35	0.237387362881
10	36	0.0368124511316
10	37	0.101956459505
10	38	0.0
10	39	0.234195038386
10	40	0.268657357709
10	41	0.147212944619
10	42	0.146575994048
10	43	0.0240675901124
10	44	0.043791948761
10	45	0.0
10	46	0.0
10	47	0.153998617247
10	48	0.204415332699
10	49	0.211132881367
10	50	0.0495055651556
10	51	0.195117661505
10	52	0.198896296213
10	53	0.136564531754
10	54	0.0
10	55	0.0929853151591
10	56	0.184804836736
10	57	0.0
10	58	0.219773558261
10	59	0.224468883324
10	60	0.220679830646
10	61	0.0
10	62	0.259456368079
10	63	0.258638907099
10	64	0.10080365243
10	65	0.23260759899
10	66	0.0
10	67	0.384111357921
10	68	0.0635673475
10	69	0.173670595347
10	70	0.0751259985198
10	71	0.0674294875183
10	72	0.119416782606
11	1	0.384827018098
11	2	0.130847730714
11	3	0.673728697247
11	4	0.157859391143
11	5	0.196049039225
11	6	0.392738201232
11	7	0.330449258788
11	8	0.430141671482
11	9	0.143588275435
11	10	0.140076515244
11	11	1.0
11	12	0.552519181908
11	13	0.567827722999
11	14	0.266793112569
11	15	0.170052710474
11	16	0.172185196309
11	17	0.383036720168
11	18	0.551853400817
11	19	0.407897657883
11	20	0.289453252662
11	21	0.357298792855
11	22	0.49187548007
11	23	0.414464367168
11	24	0.42894244541
11	25	0.467489675932
11	26	0.495958769051
11	27	0.452093991981
11	28	0.607462870164
11	29	0.543657343169
11	30	0.176659186184
11	31	0.277614362901
11	32	0.270968886178
11	33	0.429448583412
11	34	0.589881220723
11	35	0.318586295289
11	36	0.0746123207861
11	37	0.256473418044
11	38	0.215403946738
11	39	0.281954302679
11	40	0.211525754298
11	41	0.501306427089
11	42	0.291777556627
11	43	0.266301360952
11	44	0.36203293766
11	45	0.139228877233
11	46	0.154188229254
11	47	0.541371570757
11	48	0.342920126174
11	49	0.347588913549
11	50	0.272845362232
11	51	0.523451941606
11	52	0.330800807503
11	53	0.520250330281
11	54	0.531608118301
11	55	0.559357261188
11	56	0.227909293994
11	57	0.195059831086
11	58	0.595434911882
11	59	0.247427914772
11	60	0.417002248817
11	61	0.20930650327
11	62	0.26633097886
11	63	0.570580783795
11	64	0.216407685487
11	65	0.551774103324
11	66	0.114935010901
11	67	0.282709392616
11	68	0.666618320555
11	69	0.440654996724
11	70	0.210661492808
11	71	0.467666938352
11	72	0.380269269247
12	1	0.242931616442
12	2	0.0691820661642
12	3	0.564149269724
12	4	0.0
12	5	0.0
12	6	0.174271791505
12	7	0.406400055494
12	8	0.520150569385
12	9	0.277815531677
12	10	0.149236726017
12	11	0.552519181908
12	12	1.0
12	13	0.509273899857
12	14	0.11683531606
12	15	0.11750681899
12	16	0.299386928321
12	17	0.28194095697
12	18	0.370381833072
12	19	0.383565589624
12	20	0.253852410609
12	21	0.143836211542
12	22	0.538766728564
12	23	0.39916936834
12	24	0.331968256237
12	25	0.369812289983
12	26	0.663512027297
12	27	0.306838979944
12	28	0.535587327615
12	29	0.498200681628
12	30	0.154938748596
12	31	0.0738576859343
12	32	0.1348720122
12	33	0.29222525643
12	34	0.631645549147
12	35	0.0904065008642
12	36	0.0
12	37	0.161787725212
12	38	0.127081684231
12	39	0.157363564471
12	40	0.191841285382
12	41	0.426428706572
12	42	0.232591409734
12	43	0.274976719049
12	44	0.416942671827
12	45	0.121949056247
12	46	0.132416940226
12	47	0.481757728545
12	48	0.14596771334
12	49	0.148349403668
12	50	0.282805171137
12	51	0.332534666816
12	52	0.12004693748
12	53	0.476750792425
12	54	0.533412487318
12	55	0.501676903541
12	56	0.261094966732
12	57	0.0521545016355
12	58	0.578567102278
12	59	0.213716581708
12	60	0.462239863228
12	61	0.123484380667
12	62	0.187693667951
12	63	0.386964009912
12	64	0.149538214684
12	65	0.411292967643
12	66	0.112031319084
12	67	0.141199493772
12	68	0.484179223944
12	69	0.531432830055
12	70	0.143054764324
12	71	0.210560730185
12	72	0.315267305846
13	1	0.315878171801
13	2	0.179911572659
13	3	0.503748409665
13	4	0.212753527486
13	5	0.118266054089
13	6	0.339902164876
13	7	0.38164553136
13	8	0.509347481927
13	9	0.270927669469
13	10	0.0943934108712
13	11	0.567827722999
13	12	0.509273899857
13	13	1.0
13	14	0.227877251504
13	15	0.152791306871
13	16	0.192140385691
13	17	0.288043709239
13	18	0.46411194505
13	19	0.411907094387
13	20	0.30650120365
13	21	0.281263636186
13	22	0.53280071283
13	23	0.562952154002
13	24	0.296759639999
13	25	0.406415986497
13	26	0.460807331995
13	27	0.396627345258
13	28	0.484460100843
13	29	0.560373487701
13	30	0.230005505181
13	31	0.144053074368
13	32	0.212464185482
13	33	0.308728479436
13	34	0.495738238696
13	35	0.146941764056
13	36	0.136720500439
13	37	0.339197682823
13	38	0.247861912782
13	39	0.204616079954
13	40	0.207872196677
13	41	0.455620920837
13	42	0.340928276369
13	43	0.358456712228
13	44	0.515033556804
13	45	0.249546816504
13	46	0.200875011143
13	47	0.575104908172
13	48	0.284697490844
13	49	0.257193576281
13	50	0.313368822371
13	51	0.395496536789
13	52	0.196985533012
13	53	0.536246765946
13	54	0.531747351633
13	55	0.985082690634
13	56	0.320634678418
13	57	0.105926091582
13	58	0.467072590681
13	59	0.250101504662
13	60	0.409799618814
13	61	0.240845681074
13	62	0.230488509475
13	63	0.388805492317
13	64	0.145830723561
13	65	0.494292899396
13	66	0.0352695308711
13	67	0.0889044232506
13	68	0.553306121948
13	69	0.503269853269
13	70	0.302267370079
13	71	0.198558897104
13	72	0.271406584484
14	1	0.309846975295
14	2	0.310497273557
14	3	0.249060523133
14	4	0.354301472491
14	5	0.283621563096
14	6	0.181979348124
14	7	0.24807361257
14	8	0.197832462709
14	9	0.176105836929
14	10	0.0613567106476
14	11	0.266793112569
14	12	0.11683531606
14	13	0.227877251504
14	14	1.0
14	15	0.148973936613
14	16	0.151003785502
14	17	0.306378724814
14	18	0.323910266872
14	19	0.266579358485
14	20	0.183903700239
14	21	0.182354069705
14	22	0.322441514918
14	23	0.210859508297
14	24	0.15782472792
14	25	0.266748737839
14	26	0.138244438263
14	27	0.353154780704
14	28	0.240116468455
14	29	0.344516563859
14	30	0.0982148759992
14	31	0.424190684843
14	32	0.506670253502
14	33	0.328949062754
14	34	0.29899043337
14	35	0.344714898366
14	36	0.314608945556
14	37	0.246135376936
14	38	0.164610089046
14	39	0.133002605751
14	40	0.24321440861
14	41	0.424478642141
14	42	0.247398744446
14	43	0.261898289091
14	44	0.422876505026
14	45	0.187163143209
14	46	0.402644797484
14	47	0.398727723444
14	48	0.439095464608
14	49	0.31345974711
14	50	0.179268743725
14	51	0.288589437887
14	52	0.28809600732
14	53	0.329683500806
14	54	0.27050194621
14	55	0.224477936046
14	56	0.257454955009
14	57	0.199361535036
14	58	0.387460754251
14	59	0.37932675804
14	60	0.213099252611
14	61	0.159950468239
14	62	0.134219880159
14	63	0.133796997825
14	64	0.0
14	65	0.361597911314
14	66	0.210808853081
14	67	0.173366432752
14	68	0.307498195577
14	69	0.206272904706
14	70	0.408752400774
14	71	0.222591688561
14	72	0.0968213080351
15	1	0.191034171954
15	2	0.044106204729
15	3	0.153905210302
15	4	0.208630284343
15	5	0.188969799777
15	6	0.177767857846
15	7	0.0767690457126
15	8	0.198969491158
15	9	0.0
15	10	0.0792113010347
15	11	0.170052710474
15	12	0.11750681899
15	13	0.152791306871
15	14	0.148973936613
15	15	1.0
15	16	0.150733306373
15	17	0.211792613046
15	18	0.192661868386
15	19	0.284103722494
15	20	0.147734942203
15	21	0.137551602868
15	22	0.334332305805
15	23	0.127242845276
15	24	0.21164241956
15	25	0.0927970914972
15	26	0.0695194943235
15	27	0.212149395587
15	28	0.178151655908
15	29	0.177008982979
15	30	0.0
15	31	0.141261271768
15	32	0.0824874006349
15	33	0.0931523709953
15	34	0.177213436664
15	35	0.115275182053
15	36	0.0
15	37	0.247550023056
15	38	0.108025891541
15	39	0.133767029064
15	40	0.081537422222
15	41	0.344225713166
15	42	0.0593143564785
15	43	0.333711946681
15	44	0.32342574542
15	45	0.112943310287
15	46	0.173547882179
15	47	0.0801231962199
15	48	0.186119964476
15	49	0.257481505404
15	50	0.19315203581
15	51	0.167255276158
15	52	0.199154188123
15	53	0.169387911364
15	54	0.326238901428
15	55	0.150512071678
15	56	0.0739813313214
15	57	0.133001932681
15	58	0.0882960660051
15	59	0.109001974985
15	60	0.0535810064708
15	61	0.104968000649
15	62	0.044997099891
15	63	0.274973954752
15	64	0.313048131151
15	65	0.163990045213
15	66	0.0
15	67	0.199089154442
15	68	0.192926696549
15	69	0.0518646110034
15	70	0.236897081792
15	71	0.244779230106
15	72	0.0966478809716
16	1	0.251181542964
16	2	0.0894143503172
16	3	0.181284355838
16	4	0.279850499325
16	5	0.139688423311
16	6	0.313644287343
16	7	0.251003341234
16	8	0.400337695171
16	9	0.356371264336
16	10	0.0620813282804
16	11	0.172185196309
16	12	0.299386928321
16	13	0.192140385691
16	14	0.151003785502
16	15	0.150733306373
16	16	1.0
16	17	0.051666171998
16	18	0.0941427862858
16	19	0.403915849911
16	20	0.139556690695
16	21	0.230634570065
16	22	0.364860075066
16	23	0.256019689793
16	24	0.37260679117
16	25	0.0296488268116
16	26	0.139877093543
16	27	0.359641925698
16	28	0.305434851841
16	29	0.058097545955
16	30	0.208436037702
16	31	0.334458493279
16	32	0.258296142403
16	33	0.187427757326
16	34	0.215905128943
16	35	0.12814994183
16	36	0.0456387400167
16	37	0.207535179332
16	38	0.108677054423
16	39	0.269146710853
16	40	0.24608675048
16	41	0.248234573625
16	42	0.257701909366
16	43	0.235597140798
16	44	0.26741915079
16	45	0.232181050163
16	46	0.0566198154617
16	47	0.0810120002044
16	48	0.188184587129
16	49	0.0634323361133
16	50	0.120923928419
16	51	0.162438353566
16	52	0.0485830661877
16	53	0.0555961725734
16	54	0.228080459686
16	55	0.189274168116
16	56	0.148854558025
16	57	0.134814154547
16	58	0.308799190204
16	59	0.109659021543
16	60	0.269519921253
16	61	0.105600731052
16	62	0.271610011488
16	63	0.0902514194694
16	64	0.0959109850912
16	65	0.122364779592
16	66	0.0695889460111
16	67	0.0
16	68	0.15585802123
16	69	0.208708970498
16	70	0.367703421245
16	71	0.293109772948
16	72	0.389656136655
17	1	0.169878038873
17	2	0.21210987056
17	3	0.287166011799
17	4	0.190696684349
17	5	0.129544642954
17	6	0.245133702904
17	7	0.184196444087
17	8	0.272799481413
17	9	0.121419862873
17	10	0.0846073420745
17	11	0.383036720168
17	12	0.28194095697
17	13	0.288043709239
17	14	0.306378724814
17	15	0.211792613046
17	16	0.051666171998
17	17	1.0
17	18	0.286996978197
17	19	0.215342486764
17	20	0.126796263283
17	21	0.222652060213
17	22	0.372132014227
17	23	0.290763021026
17	24	0.290174850249
17	25	0.303676280595
17	26	0.285946582401
17	27	0.291236062108
17	28	0.285903765897
17	29	0.316712227683
17	30	0.104405681544
17	31	0.129118628381
17	32	0.197916826215
17	33	0.290516956222
17	34	0.318558933121
17	35	0.357430703799
17	36	0.184282113806
17	37	0.169703198014
17	38	0.301021722795
17	39	0.231365011846
17	40	0.223585700184
17	41	0.46235575519
17	42	0.162647304303
17	43	0.269667509772
17	44	0.366824661132
17	45	0.186880826534
17	46	0.274638666977
17	47	0.366179529178
17	48	0.214610172561
17	49	0.259345676491
17	50	0.289676353113
17	51	0.425005010192
17	52	0.572357044733
17	53	0.303076272447
17	54	0.343946796948
17	55	0.283746872117
17	56	0.291480076769
17	57	0.258486684195
17	58	0.346424647625
17	59	0.264659012963
17	60	0.222780584427
17	61	0.292500695372
17	62	0.188510678482
17	63	0.386425755215
17	64	0.13071198296
17	65	0.389480254526
17	66	0.18967815035
17	67	0.179296684812
17	68	0.370320210642
17	69	0.24888356582
17	70	0.0937835787803
17	71	0.211232361039
17	72	0.13466749877
18	1	0.53042085285
18	2	0.221837932114
18	3	0.446868143083
18	4	0.215544219614
18	5	0.171285461266
18	6	0.306173240007
18	7	0.261733379373
18	8	0.164450616875
18	9	0.164688859765
18	10	0.114757885277
18	11	0.551853400817
18	12	0.370381833072
18	13	0.46411194505
18	14	0.323910266872
18	15	0.192661868386
18	16	0.0941427862858
18	17	0.286996978197
18	18	1.0
18	19	0.225995685915
18	20	0.287999456683
18	21	0.369486039741
18	22	0.269901140358
18	23	0.315503109699
18	24	0.229588984745
18	25	0.406156464443
18	26	0.438251294065
18	27	0.397680927147
18	28	0.387350644824
18	29	0.552446718347
18	30	0.216871134704
18	31	0.266900958488
18	32	0.288477007135
18	33	0.378184046613
18	34	0.393195630399
18	35	0.286908181422
18	36	0.224775557953
18	37	0.255753744972
18	38	0.201396217299
18	39	0.334279431473
18	40	0.151631179412
18	41	0.52457026044
18	42	0.300382029681
18	43	0.237466620269
18	44	0.266396600035
18	45	0.187050433344
18	46	0.212768700776
18	47	0.480877404808
18	48	0.424195166455
18	49	0.355034003961
18	50	0.378089550963
18	51	0.464984563972
18	52	0.33436826667
18	53	0.484688764804
18	54	0.309179750141
18	55	0.457188643585
18	56	0.229645482
18	57	0.124291257495
18	58	0.493426411825
18	59	0.304058509114
18	60	0.366934683303
18	61	0.195695290885
18	62	0.195672115077
18	63	0.391081954252
18	64	0.118194870383
18	65	0.475502803294
18	66	0.0893427012574
18	67	0.21616940229
18	68	0.406974521413
18	69	0.289350285619
18	70	0.283102855689
18	71	0.20784849906
18	72	0.180183818528
19	1	0.29636137406
19	2	0.237961862338
19	3	0.438424829016
19	4	0.165093496784
19	5	0.248042638729
19	6	0.317307463718
19	7	0.330674885721
19	8	0.590432660918
19	9	0.262794681109
19	10	0.0366239245438
19	11	0.407897657883
19	12	0.383565589624
19	13	0.411907094387
19	14	0.266579358485
19	15	0.284103722494
19	16	0.403915849911
19	17	0.215342486764
19	18	0.225995685915
19	19	1.0
19	20	0.258537178684
19	21	0.136059316468
19	22	0.651945304664
19	23	0.327242234194
19	24	0.34542144084
19	25	0.174908692523
19	26	0.330073357721
19	27	0.445817365513
19	28	0.594339914311
19	29	0.342737534485
19	30	0.0879369388379
19	31	0.480142936569
19	32	0.246256384473
19	33	0.221140243994
19	34	0.512724300571
19	35	0.176633564843
19	36	0.161543235328
19	37	0.247899729571
19	38	0.128224712682
19	39	0.158778961445
19	40	0.340203731266
19	41	0.424051860899
19	42	0.217187461743
19	43	0.295314441226
19	44	0.538438039383
19	45	0.134061596756
19	46	0.133607956311
19	47	0.286271868088
19	48	0.222033204193
19	49	0.153545333602
19	50	0.142674422492
19	51	0.335410301506
19	52	0.0591880657277
19	53	0.327981067038
19	54	0.635355106794
19	55	0.40576254883
19	56	0.197582527103
19	57	0.199723041074
19	58	0.281065098145
19	59	0.194074958209
19	60	0.351868901434
19	61	0.12459505339
19	62	0.271548468316
19	63	0.242338110347
19	64	0.169743630405
19	65	0.240141896257
19	66	0.0
19	67	0.0
19	68	0.413584243496
19	69	0.43504254675
19	70	0.445231629388
19	71	0.351774027037
19	72	0.435890696076
20	1	0.191192289606
20	2	0.0300332065344
20	3	0.338260425268
20	4	0.216665863529
20	5	0.14784049348
20	6	0.249491002462
20	7	0.213596843867
20	8	0.122810830171
20	9	0.218646664305
20	10	0.0
20	11	0.289453252662
20	12	0.253852410609
20	13	0.30650120365
20	14	0.183903700239
20	15	0.147734942203
20	16	0.139556690695
20	17	0.126796263283
20	18	0.287999456683
20	19	0.258537178684
20	20	1.0
20	21	0.256051646562
20	22	0.205189910698
20	23	0.34303581177
20	24	0.0979747488962
20	25	0.239520367769
20	26	0.25745897307
20	27	0.152770241881
20	28	0.258320886859
20	29	0.285159571461
20	30	0.0914550394673
20	31	0.0581275516359
20	32	0.0838457482284
20	33	0.176825413713
20	34	0.296266270863
20	35	0.0711518169129
20	36	0.0304309127458
20	37	0.233515120648
20	38	0.13679495394
20	39	0.3391313556
20	40	0.0
20	41	0.223307846166
20	42	0.264141244085
20	43	0.163167631025
20	44	0.229699854057
20	45	0.14730983793
20	46	0.212954166563
20	47	0.280243862464
20	48	0.229759318534
20	49	0.233508199256
20	50	0.111286807732
20	51	0.203543130216
20	52	0.178844813149
20	53	0.272882106899
20	54	0.342167590108
20	55	0.301929030374
20	56	0.139965125658
20	57	0.123140067896
20	58	0.272496881402
20	59	0.134559554435
20	60	0.337825376979
20	61	0.132922696672
20	62	0.112416846997
20	63	0.227779105152
20	64	0.117689718892
20	65	0.251566583715
20	66	0.0853906722596
20	67	0.107622759372
20	68	0.285794421577
20	69	0.224088382985
20	70	0.287825949104
20	71	0.114911774397
20	72	0.151975066641
21	1	0.227497491746
21	2	0.161966840264
21	3	0.281027790209
21	4	0.555343411768
21	5	0.175325368814
21	6	0.492188438784
21	7	0.30540396362
21	8	0.284143970632
21	9	0.379407487564
21	10	0.188840949591
21	11	0.357298792855
21	12	0.143836211542
21	13	0.281263636186
21	14	0.182354069705
21	15	0.137551602868
21	16	0.230634570065
21	17	0.222652060213
21	18	0.369486039741
21	19	0.136059316468
21	20	0.256051646562
21	21	1.0
21	22	0.19847922492
21	23	0.390187713543
21	24	0.420979792074
21	25	0.217006352092
21	26	0.257314487246
21	27	0.360758990933
21	28	0.328834044019
21	29	0.283850485946
21	30	0.429909670681
21	31	0.115275501135
21	32	0.32815282343
21	33	0.400443238032
21	34	0.182215767437
21	35	0.246932942483
21	36	0.164111640165
21	37	0.405225491468
21	38	0.234168403903
21	39	0.450284441805
21	40	0.299421787064
21	41	0.275244932004
21	42	0.328449033097
21	43	0.197557545729
21	44	0.130151046114
21	45	0.299542038122
21	46	0.103336768207
21	47	0.248821967976
21	48	0.417676039201
21	49	0.347310878372
21	50	0.257481163378
21	51	0.476012237467
21	52	0.384231922518
21	53	0.27162938369
21	54	0.194259061449
21	55	0.277067939512
21	56	0.277370580694
21	57	0.162803267837
21	58	0.270200736805
21	59	0.404653897351
21	60	0.42631379872
21	61	0.227539794602
21	62	0.580497247731
21	63	0.417893634435
21	64	0.175047042348
21	65	0.322907724095
21	66	0.0846711435453
21	67	0.320147688257
21	68	0.355694376555
21	69	0.256436021162
21	70	0.307005634934
21	71	0.204290564652
21	72	0.476029033785
22	1	0.248620205412
22	2	0.212142574041
22	3	0.500920783033
22	4	0.234143594012
22	5	0.0440794351691
22	6	0.363387776169
22	7	0.554753866523
22	8	0.797504951765
22	9	0.298166516892
22	10	0.207767295176
22	11	0.49187548007
22	12	0.538766728564
22	13	0.53280071283
22	14	0.322441514918
22	15	0.334332305805
22	16	0.364860075066
22	17	0.372132014227
22	18	0.269901140358
22	19	0.651945304664
22	20	0.205189910698
22	21	0.19847922492
22	22	1.0
22	23	0.469210906185
22	24	0.559878193231
22	25	0.270511928936
22	26	0.367813304697
22	27	0.409267001586
22	28	0.571250705523
22	29	0.555527969234
22	30	0.118777548751
22	31	0.22648007606
22	32	0.337236589808
22	33	0.425643164908
22	34	0.5578531677
22	35	0.24950340428
22	36	0.107475905927
22	37	0.317511784221
22	38	0.181854498531
22	39	0.128678865216
22	40	0.509833624505
22	41	0.540937910618
22	42	0.285290932155
22	43	0.365386358438
22	44	0.770920897178
22	45	0.257047768038
22	46	0.191752862938
22	47	0.411069385899
22	48	0.268560638488
22	49	0.275478566475
22	50	0.26257861916
22	51	0.4211288435
22	52	0.210560370393
22	53	0.531609869903
22	54	0.660617436979
22	55	0.524852759766
22	56	0.373628147369
22	57	0.0319857177973
22	58	0.340671874984
22	59	0.41942324788
22	60	0.517107431492
22	61	0.176706739908
22	62	0.369336323775
22	63	0.431491442144
22	64	0.229274894055
22	65	0.388062992794
22	66	0.0332704292609
22	67	0.125797887795
22	68	0.426852967264
22	69	0.498918106761
22	70	0.399756441673
22	71	0.326793376367
22	72	0.419885950044
23	1	0.245522398837
23	2	0.253440641739
23	3	0.389954241279
23	4	0.314984344583
23	5	0.0805062641786
23	6	0.427745112419
23	7	0.488969253264
23	8	0.450598111596
23	9	0.451250902072
23	10	0.17468832954
23	11	0.414464367168
23	12	0.39916936834
23	13	0.562952154002
23	14	0.210859508297
23	15	0.127242845276
23	16	0.256019689793
23	17	0.290763021026
23	18	0.315503109699
23	19	0.327242234194
23	20	0.34303581177
23	21	0.390187713543
23	22	0.469210906185
23	23	1.0
23	24	0.359473482714
23	25	0.367598337087
23	26	0.354235433421
23	27	0.400674121516
23	28	0.302589605306
23	29	0.458751624857
23	30	0.195738896532
23	31	0.133295272912
23	32	0.327632857398
23	33	0.398666470766
23	34	0.334842803909
23	35	0.195794261138
23	36	0.231494699203
23	37	0.327026271657
23	38	0.278377763738
23	39	0.227202561329
23	40	0.37073752561
23	41	0.430027318467
23	42	0.235071917369
23	43	0.315325946698
23	44	0.421389222463
23	45	0.170518746489
23	46	0.255898664725
23	47	0.516213373091
23	48	0.280998874199
23	49	0.394887125193
23	50	0.2722106584
23	51	0.34773745463
23	52	0.328094578309
23	53	0.439000203617
23	54	0.411131482885
23	55	0.554554422562
23	56	0.419172605046
23	57	0.112951524671
23	58	0.483237895242
23	59	0.340376838414
23	60	0.485370901692
23	61	0.270497719278
23	62	0.331973442304
23	63	0.459739834106
23	64	0.215904269244
23	65	0.532247536314
23	66	0.117488240698
23	67	0.197436219877
23	68	0.438265293901
23	69	0.500095299887
23	70	0.28399720316
23	71	0.176381406611
23	72	0.273593154924
24	1	0.131263790987
24	2	0.0934532565793
24	3	0.380121536362
24	4	0.392933972043
24	5	0.0970895819319
24	6	0.470823360707
24	7	0.365985105348
24	8	0.562108272456
24	9	0.250187826635
24	10	0.403187092286
24	11	0.42894244541
24	12	0.331968256237
24	13	0.296759639999
24	14	0.15782472792
24	15	0.21164241956
24	16	0.37260679117
24	17	0.290174850249
24	18	0.229588984745
24	19	0.34542144084
24	20	0.0979747488962
24	21	0.420979792074
24	22	0.559878193231
24	23	0.359473482714
24	24	1.0
24	25	0.151783602541
24	26	0.196399370722
24	27	0.299671395756
24	28	0.35650122837
24	29	0.20393477547
24	30	0.174413344256
24	31	0.202319358658
24	32	0.264600147228
24	33	0.427642407888
24	34	0.268525821071
24	35	0.284955705676
24	36	0.0315635949331
24	37	0.291397094342
24	38	0.114443890847
24	39	0.48028128752
24	40	0.518290182972
24	41	0.347112632481
24	42	0.377029930973
24	43	0.206359435998
24	44	0.375479298316
24	45	0.186127607065
24	46	0.0397495252632
24	47	0.226355865659
24	48	0.219086292854
24	49	0.31172543718
24	50	0.297128142851
24	51	0.409302698844
24	52	0.341073845092
24	53	0.195154421488
24	54	0.288219978407
24	55	0.292332784642
24	56	0.156753372468
24	57	0.0939358669734
24	58	0.249445022139
24	59	0.230955930089
24	60	0.416271855164
24	61	0.111204325531
24	62	0.41778576776
24	63	0.443522419543
24	64	0.20200080628
24	65	0.341899786956
24	66	0.0977088160726
24	67	0.246296044345
24	68	0.327022072008
24	69	0.366306496577
24	70	0.354278398294
24	71	0.386443629517
24	72	0.482804537471
25	1	0.245750805866
25	2	0.140260010662
25	3	0.597193695592
25	4	0.136790010494
25	5	0.0756193193007
25	6	0.271467988672
25	7	0.234054032462
25	8	0.20872934239
25	9	0.243870354879
25	10	0.105777410186
25	11	0.467489675932
25	12	0.369812289983
25	13	0.406415986497
25	14	0.266748737839
25	15	0.0927970914972
25	16	0.0296488268116
25	17	0.303676280595
25	18	0.406156464443
25	19	0.174908692523
25	20	0.239520367769
25	21	0.217006352092
25	22	0.270511928936
25	23	0.367598337087
25	24	0.151783602541
25	25	1.0
25	26	0.46492597351
25	27	0.284327233161
25	28	0.328624949187
25	29	0.549321664781
25	30	0.25479681848
25	31	0.11630295844
25	32	0.196057278066
25	33	0.357228852256
25	34	0.48529935308
25	35	0.136747537392
25	36	0.142117364035
25	37	0.211000437763
25	38	0.174249657301
25	39	0.187195654308
25	40	0.160381867041
25	41	0.35354376365
25	42	0.23529060242
25	43	0.242474136115
25	44	0.336375681914
25	45	0.0745104456034
25	46	0.201115570869
25	47	0.504479091155
25	48	0.24733573361
25	49	0.175705053116
25	50	0.429820289135
25	51	0.349114578618
25	52	0.132984567253
25	53	0.591036366729
25	54	0.338914351731
25	55	0.400353353495
25	56	0.276936881448
25	57	0.0523222287438
25	58	0.500784221661
25	59	0.235844275684
25	60	0.339018155705
25	61	0.201666913773
25	62	0.295239829273
25	63	0.265836696862
25	64	0.0375047811276
25	65	0.461471546325
25	66	0.111122979023
25	67	0.0685933839017
25	68	0.38042096823
25	69	0.368860964743
25	70	0.161454176543
25	71	0.294797282001
25	72	0.258860563734
26	1	0.287446860965
26	2	0.0818591175788
26	3	0.540169526086
26	4	0.0645347258262
26	5	0.0
26	6	0.123723408644
26	7	0.267149757246
26	8	0.369278360525
26	9	0.328722970182
26	10	0.0
26	11	0.495958769051
26	12	0.663512027297
26	13	0.460807331995
26	14	0.138244438263
26	15	0.0695194943235
26	16	0.139877093543
26	17	0.285946582401
26	18	0.438251294065
26	19	0.330073357721
26	20	0.25745897307
26	21	0.257314487246
26	22	0.367813304697
26	23	0.354235433421
26	24	0.196399370722
26	25	0.46492597351
26	26	1.0
26	27	0.229681471822
26	28	0.440855202042
26	29	0.53590173445
26	30	0.183330015163
26	31	0.0436957533376
26	32	0.0830397733074
26	33	0.216108224934
26	34	0.718618795386
26	35	0.0
26	36	0.0414715568522
26	37	0.193256145748
26	38	0.100245580089
26	39	0.186199158841
26	40	0.0756648806416
26	41	0.401901966944
26	42	0.220169516326
26	43	0.271136640175
26	44	0.394675222515
26	45	0.0349362777617
26	46	0.156681268433
26	47	0.495683406333
26	48	0.115143407066
26	49	0.117022150883
26	50	0.446169227365
26	51	0.365013905806
26	52	0.0972307091856
26	53	0.512828637098
26	54	0.504924792663
26	55	0.453933326465
26	56	0.171632498661
26	57	0.0617113902252
26	58	0.464308244103
26	59	0.305861073778
26	60	0.34805372112
26	61	0.0974079266165
26	62	0.125268867951
26	63	0.291373103671
26	64	0.176939877299
26	65	0.413570047523
26	66	0.0641900380694
26	67	0.0
26	68	0.465482169779
26	69	0.483582391016
26	70	0.169268387348
26	71	0.113574790107
26	72	0.224217610108
27	1	0.441243951982
27	2	0.420284480319
27	3	0.362429777025
27	4	0.32822935043
27	5	0.283766197731
27	6	0.401557831774
27	7	0.263281044948
27	8	0.344333468883
27	9	0.167191423831
27	10	0.237516264512
27	11	0.452093991981
27	12	0.306838979944
27	13	0.396627345258
27	14	0.353154780704
27	15	0.212149395587
27	16	0.359641925698
27	17	0.291236062108
27	18	0.397680927147
27	19	0.445817365513
27	20	0.152770241881
27	21	0.360758990933
27	22	0.409267001586
27	23	0.400674121516
27	24	0.299671395756
27	25	0.284327233161
27	26	0.229681471822
27	27	1.0
27	28	0.478378645471
27	29	0.302100009068
27	30	0.299123214344
27	31	0.584383148732
27	32	0.471180671444
27	33	0.376211804272
27	34	0.36139510164
27	35	0.356543715215
27	36	0.383664373531
27	37	0.372401037598
27	38	0.331792706808
27	39	0.25301693117
27	40	0.308451918093
27	41	0.551394612089
27	42	0.195965301944
27	43	0.335310956665
27	44	0.301102988178
27	45	0.357960644831
27	46	0.186343351596
27	47	0.398222640311
27	48	0.411709829221
27	49	0.271187500485
27	50	0.199909902254
27	51	0.480312464442
27	52	0.326987381541
27	53	0.289093178765
27	54	0.410252983524
27	55	0.390710732446
27	56	0.445120351068
27	57	0.265552996425
27	58	0.509341917422
27	59	0.282955652723
27	60	0.252890307915
27	61	0.322400644576
27	62	0.255172217836
27	63	0.38840053968
27	64	0.134989790955
27	65	0.43878120553
27	66	0.100672869028
27	67	0.167270234234
27	68	0.408887081472
27	69	0.299864011938
27	70	0.348992399579
27	71	0.393773205566
27	72	0.320342883632
28	1	0.271575813177
28	2	0.229102748333
28	3	0.569321638588
28	4	0.250689959624
28	5	0.165646340509
28	6	0.499711334335
28	7	0.35751427844
28	8	0.578305467206
28	9	0.175497960568
28	10	0.122289843126
28	11	0.607462870164
28	12	0.535587327615
28	13	0.484460100843
28	14	0.240116468455
28	15	0.178151655908
28	16	0.305434851841
28	17	0.285903765897
28	18	0.387350644824
28	19	0.594339914311
28	20	0.258320886859
28	21	0.328834044019
28	22	0.571250705523
28	23	0.302589605306
28	24	0.35650122837
28	25	0.328624949187
28	26	0.440855202042
28	27	0.478378645471
28	28	1.0
28	29	0.526435305062
28	30	0.176176549992
28	31	0.376633845924
28	32	0.295226125364
28	33	0.391602316911
28	34	0.555266209039
28	35	0.306217046562
28	36	0.143573569781
28	37	0.312722368717
28	38	0.257876581618
28	39	0.266307746871
28	40	0.324142761677
28	41	0.484905284525
28	42	0.331359890307
