2	2	
2	16	0.0537016938545642
2	44	0.01155593717971
2	13	0.0125997935610953
2	4	0.0275834169384064
2	20	0.00111493605436138
2	71	0.0550442660400785
2	7	0.521942124683889
2	11	0.0488105384029874
2	34	0.161555961697659
2	25	0.0498058515857979
2	29	0.342167948285373
2	70	0.138387547430922
2	17	6.64097340397207e-05
2	5	0.0420454327941939
2	32	6.75721939665846e-05
2	27	0.000116390678308121
2	9	4.75450417791461e-07
2	57	0.192215183343107
2	3	0.0365966550004852
2	50	0.00151964663344626
2	36	0.0717761715314507
2	54	0
2	43	0.000266148704188472
2	18	0.00791453774967226
2	65	0.000312662039094757
2	55	0.0239480427202694
2	21	0.0102849937370728
2	6	0.0120305256735086
2	38	0.000923080075189181
2	60	0.000931821529286232
2	41	0.00374645060677387
2	19	0.00302066742338636
2	62	0.200067529932112
2	12	0.000710426068276254
2	28	0.273086022957137
2	52	0.197461623963816
2	66	0.000117660483091093
2	59	0.00109475363454681
2	39	0.0160149681185062
2	35	0.129041555264185
2	45	6.20893598175797e-05
2	26	0.000226292166742682
2	51	0.0203895131987422
2	48	0.0025320286945208
2	1	0.170742442924441
2	49	0.0130139264895679
2	37	0.0137362127709817
2	24	0.00104055592667429
2	56	0.00123729877602916
2	64	0.00753398349528731
2	61	0.228806850174628
2	53	0.259038617228222
2	30	0.0165131287544507
2	14	0.00960473795195699
2	22	0.00125282166762624
2	47	2.26653928582719e-05
2	68	0.00981842927828283
2	23	0.0110092645035205
2	69	0.000852956951146833
2	46	0.0157694690521522
2	58	0.00366240753338552
2	42	0.13718002250746
2	40	0.00108475710357194
2	10	0.000151602635734397
2	33	3.70034381747593e-05
2	15	0.000281271557681117
2	31	0.00813231439694505
2	67	0.00302813193031578
2	8	0.0112492760203892
2	63	0.314429319458676
16	2	0.0537016938545642
16	16	
16	44	0.144952004508929
16	13	0.719640017831814
16	4	0.0562797217103709
16	20	0.667660147953648
16	71	0.0977482663389837
16	7	0.0866100613228174
16	11	0.12478976736435
16	34	0.465845904948492
16	25	0.317592485256266
16	29	0.527457893244488
16	70	0.224507182290343
16	17	0.524410631176344
16	5	0.0120379881849829
16	32	0.708776129205448
16	27	0.382235783256941
16	9	0.111534533461035
16	57	0.222694261052894
16	3	0.0423310380918554
16	50	0.0411078802672553
16	36	0.47391792624647
16	54	0
16	43	0.710137403850187
16	18	0.532238601129462
16	65	0.570653707570714
16	55	0.0322583529057924
16	21	0.292157655086034
16	6	0.0237436347746694
16	38	0.644735714244334
16	60	6.39022121543656e-07
16	41	0.121809245500314
16	19	0.520226836847336
16	62	0.607008902868384
16	12	0.111414144762665
16	28	0.091816826278478
16	52	0.260539633212138
16	66	0.809227381185274
16	59	0.567909523225934
16	39	0.0225662067656722
16	35	0.382849410600433
16	45	0.021926891438855
16	26	0.597468029999016
16	51	2.95694265498969e-05
16	48	0.000284539987852228
16	1	0.0849400913576264
16	49	0.000233111303181335
16	37	0.579416869674635
16	24	0.0566166141664704
16	56	0.532051616486831
16	64	0.431328073277998
16	61	0.597582757416719
16	53	0.120385298334169
16	30	6.94178373513261e-05
16	14	0.0420475937371646
16	22	0.669595368693046
16	47	0.0431424160359454
16	68	0.645025946694528
16	23	0.0156388571794736
16	69	0.0870154591905034
16	46	0.149207831404498
16	58	0.217373744373583
16	42	0.507981273978844
16	40	0.000150041281428737
16	10	0.169709537605933
16	33	0.0914567893529378
16	15	0.185588891111638
16	31	0.51810010789881
16	67	0.369674447417927
16	8	0.0131299115261388
16	63	0.684623865153645
44	2	0.01155593717971
44	16	0.144952004508929
44	44	
44	13	0.0569316662692772
44	4	0.00020514424376632
44	20	0.0545665535471765
44	71	0.107264200301601
44	7	0.0313388072426677
44	11	0.155963301631624
44	34	0.0688954681551722
44	25	0.0170938710914888
44	29	0.00015102743394869
44	70	2.72939660413676e-05
44	17	0.0306422551869965
44	5	0.049139488807472
44	32	0.122637760535495
44	27	0.316524389228413
44	9	0.0466227942790136
44	57	0.262313792253224
44	3	0.0321225835049787
44	50	0.370510302591743
44	36	0.0227938694525255
44	54	0.421230734727471
44	43	0.145012143409298
44	18	0.109595369358274
44	65	0.000245566580821276
44	55	0.0582563586558218
44	21	0.257696204310976
44	6	0.0316854486209939
44	38	0.0961004250757312
44	60	1.28862383767839e-06
44	41	0.114030356903976
44	19	0.254863089196051
44	62	0.0322634324479301
44	12	0.105236549231023
44	28	0.040447576397252
44	52	0.217672694180429
44	66	0.132128138079543
44	59	0.0596184401732307
44	39	0.42017732546081
44	35	0.0166571851070745
44	45	0.346790576753493
44	26	0.056640510645141
44	51	0.0580929942417758
44	48	0.0342592594550636
44	1	0.192807275825573
44	49	0.0714805409843466
44	37	4.36133773101864e-05
44	24	0.0750156140500724
44	56	0.000308909009266458
44	64	0.0359971299457839
44	61	1.95388261258484e-05
44	53	0.0723087306671468
44	30	0.073699379483806
44	14	0.0113576178111016
44	22	0.000211380183297203
44	47	2.73259517418165e-05
44	68	0.140681956832819
44	23	0.21765777090101
44	69	0.182440829779153
44	46	0.370521109220003
44	58	0.272095032207573
44	42	0.108452133726652
44	40	0
44	10	0.498657590123713
44	33	4.46122497045418e-05
44	15	0.344476884249519
44	31	0.0313377660198515
44	67	2.19921066916559e-05
44	8	0.00977502356286492
44	63	0.183593688610238
13	2	0.0125997935610953
13	16	0.719640017831814
13	44	0.0569316662692772
13	13	
13	4	1.06661677297589e-06
13	20	0.825516134399938
13	71	0.0625810319902448
13	7	4.26026003695709e-07
13	11	0.014721992210643
13	34	0.467162951640253
13	25	0.358489473601177
13	29	0.571509680788592
13	70	0
13	17	0.650357937747603
13	5	0.0286694062615253
13	32	0.631739818319436
13	27	0.459023929951645
13	9	6.37519523461558e-07
13	57	0.0337730475268112
13	3	0.000159133422490013
13	50	1.12756904776828e-06
13	36	0.482597676597791
13	54	0
13	43	0.619790510284806
13	18	0.527220201074319
13	65	0.643471355006128
13	55	0.0340006342352571
13	21	0.0481274747294721
13	6	0.0356853497863722
13	38	0.669674105747725
13	60	7.30605085876087e-07
13	41	3.75851051838019e-07
13	19	0.481749866371945
13	62	0.685348882495241
13	12	6.93627119735714e-07
13	28	2.18649417718265e-06
13	52	8.17396432884283e-07
13	66	0.68062728462085
13	59	0.70427988817562
13	39	0.171797267122845
13	35	0.35525335279332
13	45	0
13	26	0.679023009221807
13	51	0.0658506014277431
13	48	0
13	1	7.06030736145657e-07
13	49	0.0147653212757989
13	37	0.680512434747311
13	24	0
13	56	0.624685449293031
13	64	0.544020254817996
13	61	0.638662690268712
13	53	5.36262823822334e-07
13	30	0.0834126576687287
13	14	0.0128580840725405
13	22	0.765769101912131
13	47	5.94280462547427e-07
13	68	0.582833761346451
13	23	0.0513324359356197
13	69	0.0562194672896868
13	46	0.111060272197733
13	58	0
13	42	0.469886584108427
13	40	0.0395600134350786
13	10	1.21560564581433e-06
13	33	0.0804556186139226
13	15	0.0618228708357217
13	31	0.49239221815081
13	67	0.379615519221716
13	8	0.0404035524177284
13	63	0.53743956900573
4	2	0.0275834169384064
4	16	0.0562797217103709
4	44	0.00020514424376632
4	13	1.06661677297589e-06
4	4	
4	20	0.0694460068547815
4	71	0.108036690584269
4	7	0.0384928925191105
4	11	0.352373316559578
4	34	0.00111890021857271
4	25	0.0126973646966491
4	29	0.0600715186341352
4	70	0.171307164142604
4	17	0.0561333867213002
4	5	0.0930109240379262
4	32	0.121100810880813
4	27	0.102288744478782
4	9	0.219349768429691
4	57	0.000212089898035914
4	3	0.181446916882087
4	50	0.000341853283768821
4	36	0.000211539779362028
4	54	1.94290664689406e-05
4	43	0.0217254053966361
4	18	0.137410985546454
4	65	0.0334741874696495
4	55	0.074287029077108
4	21	0.0850611377463561
4	6	0.0945819245730712
4	38	0.000183965426792328
4	60	1.43886096958511e-06
4	41	0.00321074944635984
4	19	0.0714269269296363
4	62	0.0360385290619618
4	12	0.0567927354183796
4	28	0.0477628017091705
4	52	0.0367051571641057
4	66	0.06624659273924
4	59	0.0234986496172636
4	39	0.000376298467785624
4	35	0.10819413518464
4	45	1.45300176612392e-05
4	26	0.000112527975374353
4	51	0.0623258187354925
4	48	0.000598257331829995
4	1	0.0613629955781789
4	49	0.00169527767846496
4	37	3.27516788916431e-05
4	24	0.218165260457692
4	56	0.0267120985185676
4	64	0.109793224208919
4	61	0.0354907641194071
4	53	0.0473782921162246
4	30	0.000121966904422589
4	14	1.3567795807091e-05
4	22	0.000268470993046259
4	47	0.123230104316914
4	68	0.0747964893843828
4	23	0.0907391432847151
4	69	0.0360093920214691
4	46	0.000518316365884362
4	58	0
4	42	0.0243010842603869
4	40	0.000182405762338845
4	10	0.260241469892457
4	33	0.0827256439913777
4	15	0.135187283052245
4	31	0.066369541962103
4	67	0.166033489729564
4	8	0.0454675296186927
4	63	0.00142130454609265
20	2	0.00111493605436138
20	16	0.667660147953648
20	44	0.0545665535471765
20	13	0.825516134399938
20	4	0.0694460068547815
20	20	
20	71	0.0551581913117241
20	7	0.0623759048523974
20	11	0.180125011991594
20	34	0.411756279112295
20	25	0.316144232818322
20	29	0.50293439019078
20	70	2.72436976520887e-05
20	17	0.647504117847199
20	5	0.14957643545591
20	32	0.556137796997344
20	27	0.437849868251406
20	9	1.12237081189209e-06
20	57	0.0298013834688963
20	3	0.0427970592655224
20	50	0.000147642190536683
20	36	0.424741194486658
20	54	0
20	43	0.545721097995731
20	18	0.455102272445189
20	65	0.566337474742957
20	55	0.0299465826170181
20	21	0.0322443680240937
20	6	0.10974917272378
20	38	0.589525890001316
20	60	0.0533318815376295
20	41	0.00011803809602359
20	19	0.505702126976723
20	62	0.633632933802625
20	12	0.00012483637497151
20	28	0.000238044301458854
20	52	0.000855567049083429
20	66	0.599174767315246
20	59	0.620055918765862
20	39	0.0449789850528826
20	35	0.312726940092494
20	45	0
20	26	0.652502341548302
20	51	0.117477100028703
20	48	0.101950416976179
20	1	0.0258198399500686
20	49	0.00103805442778941
20	37	0.599073661838271
20	24	0.0449093001390735
20	56	0.550109922984805
20	64	0.593561005761879
20	61	0.56221047676925
20	53	0.00112166613163597
20	30	0.105429348171287
20	14	1.81931245104188e-05
20	22	0.709673855194331
20	47	2.72756244431934e-05
20	68	0.503616300013103
20	23	0.0343958443329046
20	69	0.0495738091891588
20	46	0.0823967671032173
20	58	0
20	42	0.434441373117016
20	40	0
20	10	0.0773481467318106
20	33	0.0708658506216789
20	15	0.0800376506661613
20	31	0.447079077833892
20	67	0.31859317495456
20	8	0.000775263554807231
20	63	0.498405757059347
71	2	0.0550442660400785
71	16	0.0977482663389837
71	44	0.107264200301601
71	13	0.0625810319902448
71	4	0.108036690584269
71	20	0.0551581913117241
71	71	
71	7	0.0464073001503778
71	11	0.0515005500266066
71	34	4.45563969408532e-05
71	25	0.0251683181934392
71	29	0.0725384429245458
71	70	2.97181397499864e-05
71	17	0.0456209757769167
71	5	0.144168148873597
71	32	0.167077215194805
71	27	1.28003841110081e-05
71	9	0.263009673867596
71	57	0.12798929223112
71	3	0.0478353800950357
71	50	2.86239856942452e-05
71	36	0.0336990272199232
71	54	3.8860568757187e-05
71	43	0.0432994467649965
71	18	0.0361105877062321
71	65	0.000115012557079525
71	55	0.0446435912476689
71	21	0.0906175024920162
71	6	0.0570538398077154
71	38	0
71	60	0.00164056371196836
71	41	0.0409785972439501
71	19	0.0336250507307749
71	62	0.0480551839004851
71	12	0.0386415309334563
71	28	0.302492109886511
71	52	0.0445203092184557
71	66	0.179985562651634
71	59	0.049487536694947
71	39	8.05715250098479e-07
71	35	0.163035092620731
71	45	2.90618569487305e-05
71	26	0.0840417978748676
71	51	0.050616616872018
71	48	0.000181007882343516
71	1	0.11536279877667
71	49	7.11040361359977e-05
71	37	6.4362387960058e-05
71	24	0.214133848283503
71	56	0.0437590251815582
71	64	0.0374363811445797
71	61	2.0777071342275e-05
71	53	0.116778601773581
71	30	0.081099452064014
71	14	0
71	22	6.4397011852255e-07
71	47	7.80303504719089e-07
71	68	0.143656830526729
71	23	0.0498457336141868
71	69	0.0738332498678847
71	46	0.000165650254206617
71	58	0.157588263174316
71	42	0.0639656457091967
71	40	0
71	10	0.211365392650279
71	33	1.27392067170294e-06
71	15	0.157665523720503
71	31	0.127702236967302
71	67	0.133571967026883
71	8	8.63505803204487e-05
71	63	0.109415907005105
7	2	0.521942124683889
7	16	0.0866100613228174
7	44	0.0313388072426677
7	13	4.26026003695709e-07
7	4	0.0384928925191105
7	20	0.0623759048523974
7	71	0.0464073001503778
7	7	
7	11	0.0310301782195314
7	34	0.158019817791136
7	25	0.0520074089392104
7	29	0.283302446707878
7	70	0.145958585233107
7	17	9.30507476037352e-07
7	5	0.0215892349991946
7	32	0.0264165615972617
7	27	5.85642660878629e-05
7	9	0.041585643676189
7	57	0.251968507973681
7	3	0.0306826479516372
7	50	0.000385616992210947
7	36	0.0934419507369942
7	54	2.32809601902485e-05
7	43	0.0259814637936808
7	18	0.0216678502187344
7	65	0.00197041337673661
7	55	0.0300878843709026
7	21	0.0271690819139945
7	6	0.126547359814417
7	38	0.000188296777766635
7	60	0.0476576507089299
7	41	0.0245888578297082
7	19	0.0405979178933039
7	62	0.146999385175869
7	12	0.0227194548889023
7	28	0.193741670353159
7	52	0.14528538070009
7	66	0.0284482398521231
7	59	0.00019842490523692
7	39	0.000401531185991851
7	35	0.16782279831641
7	45	1.74106544581379e-05
7	26	0.0751152020316045
7	51	1.33181991563791e-05
7	48	0.0613597735640493
7	1	0.212395596085052
7	49	0.00110375147215227
7	37	3.43001495027813e-07
7	24	0.0537497768267047
7	56	0.000262233873264079
7	64	9.34095447306638e-06
7	61	0.118016232784882
7	53	0.162772075837276
7	30	0.0490568471600398
7	14	0
7	22	0.0323126981145258
7	47	4.67471666284266e-07
7	68	0.0231094300308342
7	23	0.000899463917659471
7	69	0.0216795514172729
7	46	0.000521392054304741
7	58	0.0944094798080674
7	42	0.104569171409332
7	40	0.000218568467932888
7	10	0.0528749552302456
7	33	7.63192546891529e-07
7	15	0.0459592697386704
7	31	0.0415340530078451
7	67	0.000512415031700442
7	8	0.00288736313434588
7	63	0.307801436218926
11	2	0.0488105384029874
11	16	0.12478976736435
11	44	0.155963301631624
11	13	0.014721992210643
11	4	0.352373316559578
11	20	0.180125011991594
11	71	0.0515005500266066
11	7	0.0310301782195314
11	11	
11	34	0.068101447679003
11	25	0.0004871779961922
11	29	0.00242707341098667
11	70	0.157551780105232
11	17	0.148978860778152
11	5	0.272040472177102
11	32	0.154524533346209
11	27	0.154918136192534
11	9	0.208749119658117
11	57	0.229950371893676
11	3	0.287314295588921
11	50	0.000325633475210403
11	36	0.0225227834551498
11	54	5.15800717149143e-05
11	43	0.119507926572533
11	18	0.314378436917342
11	65	0.00240730614886695
11	55	0.135140846942576
11	21	0.335209793375737
11	6	0.15694307746838
11	38	0.0933380136556664
11	60	6.36645376294279e-07
11	41	0.112513797462477
11	19	0.209153758651593
11	62	2.72894232635341e-05
11	12	0.105953773553236
11	28	0.0397805604401999
11	52	0.215108054000335
11	66	0.130555590961296
11	59	0.000302758570486839
11	39	0.0169944406115001
11	35	0.0167984421428612
11	45	3.85741308870285e-05
11	26	0.02707777203297
11	51	0.189223669829716
11	48	0.000626453389633291
11	1	0.076741894945929
11	49	0.013154673621625
11	37	4.27144621514186e-05
11	24	0.236482832614847
11	56	0.000322197714227435
11	64	0.253477839298076
11	61	0.0372293729003637
11	53	0.0387506228402495
11	30	0.0192032937448847
11	14	0.0112044659023553
11	22	0.000251507037856383
11	47	0.163547961178963
11	68	0.167833322097306
11	23	0.130292418804006
11	69	0.100577232455279
11	46	0.143952803835088
11	58	0.268857426197681
11	42	0.0852930572293853
11	40	0.000242124404630859
11	10	0.446867095026573
11	33	8.45444646167168e-07
11	15	0.389501512893199
11	31	0.0564400887521823
11	67	0.000134102230580168
11	8	0.0685341548830365
11	63	0.183665999177458
34	2	0.161555961697659
34	16	0.465845904948492
34	44	0.0688954681551722
34	13	0.467162951640253
34	4	0.00111890021857271
34	20	0.411756279112295
34	71	4.45563969408532e-05
34	7	0.158019817791136
34	11	0.068101447679003
34	34	
34	25	0.33297322379145
34	29	0.364258346063749
34	70	0
34	17	0.340144144667351
34	5	0.0151559533288714
34	32	0.407284163928915
34	27	0.280492417372865
34	9	7.04393118492496e-07
34	57	0.18146935196309
34	3	0.000862999581151563
34	50	0.05053701138076
34	36	0.266818251098524
34	54	0
34	43	0.399664068796368
34	18	0.333309210337713
34	65	0.337687795174318
34	55	2.94387521276357e-05
34	21	0.116798930713905
34	6	0.00143319143469513
34	38	0.410064542053221
34	60	0.00816894205348361
34	41	0.0713824266289217
34	19	0.324517308955015
34	62	0.35841014145774
34	12	0.081808773860646
34	28	0.0239902407364085
34	52	0.118202658758369
34	66	0.458814452869383
34	59	0.386994757476985
34	39	0.000375849223792129
34	35	0.399375112122514
34	45	0.0261772741663632
34	26	0.411968737138634
34	51	9.67583434099892e-07
34	48	0.00048460196643341
34	1	0.000137083306974452
34	49	0.000841153451847549
34	37	0.375974998991288
34	24	0.000189799883997366
34	56	0.345364478578481
34	64	0.279217516040365
34	61	0.352828551930446
34	53	0.000703950865435053
34	30	0.0321456817248662
34	14	0.018883532786621
34	22	0.423273205483964
34	47	6.56618429503181e-07
34	68	0.4174798255216
34	23	0.000649722540233977
34	69	0.047485976491039
34	46	0.107371565857069
34	58	0.10414612993307
34	42	0.312862701409877
34	40	0.0220444003303496
34	10	0.0584021466734369
34	33	0.0444481034905142
34	15	0.101196037839242
34	31	0.266894509698857
34	67	0.383114940648552
34	8	0.000831280304531537
34	63	0.460331027251111
25	2	0.0498058515857979
25	16	0.317592485256266
25	44	0.0170938710914888
25	13	0.358489473601177
25	4	0.0126973646966491
25	20	0.316144232818322
25	71	0.0251683181934392
25	7	0.0520074089392104
25	11	0.0004871779961922
25	34	0.33297322379145
25	25	
25	29	0.280633037659238
25	70	0.0745100081907285
25	17	0.261017312652947
25	5	0.128423704686166
25	32	0.253662407260254
25	27	0.222503824541948
25	9	5.1191736121092e-07
25	57	0.013688688162887
25	3	0.000554911889592252
25	50	0.0617171996415268
25	36	0.231128413892313
25	54	1.18826531764687e-05
25	43	0.249230665856184
25	18	0.207606142691105
25	65	0.245317872196765
25	55	0.0136587439624746
25	21	0.0804689659075471
25	6	0.0333454198363799
25	38	0.269274934019965
25	60	0.118724702498384
25	41	0.0204241273687241
25	19	0.376214139156752
25	62	0.325333539644408
25	12	0.0254047791760464
25	28	0.0835058688228758
25	52	0.0497161699876114
25	66	0.287805633821713
25	59	0.310572705219963
25	39	0.000289850525461402
25	35	0.290976650392373
25	45	0.0189997820883847
25	26	0.338873645209723
25	51	0.015486543854466
25	48	0.000456847339244451
25	1	0.0427070934142445
25	49	0.000585099125311842
25	37	0.273239650291883
25	24	0.000131732294025063
25	56	0.25104063635184
25	64	0.266994767734566
25	61	0.305816332950529
25	53	0.0957741212743561
25	30	0.0247988778551767
25	14	0.013731896350261
25	22	0.307519728588723
25	47	1.24405103397166e-05
25	68	0.291423060027534
25	23	0.0184751240861168
25	69	0.0652224013794253
25	46	0.019082063297253
25	58	0
25	42	0.25389396122845
25	40	0.0188654890340096
25	10	2.50670636106182e-05
25	33	0.0323221691671229
25	15	0.0249727807108893
25	31	0.193984778074061
25	67	0.237734071770642
25	8	0.0581478086859549
25	63	0.257908314730867
29	2	0.342167948285373
29	16	0.527457893244488
29	44	0.00015102743394869
29	13	0.571509680788592
29	4	0.0600715186341352
29	20	0.50293439019078
29	71	0.0725384429245458
29	7	0.283302446707878
29	11	0.00242707341098667
29	34	0.364258346063749
29	25	0.280633037659238
29	29	
29	70	0.170495783135775
29	17	0.395106376388788
29	5	0.00192044062752405
29	32	0.447440327665561
29	27	0.294624835071265
29	9	1.22740406589259e-06
29	57	0.0826086049312897
29	3	0.018714995444939
29	50	0.000565251011822373
29	36	0.369668808945741
29	54	0
29	43	0.39785459832334
29	18	0.331800160058787
29	65	0.447373587604701
29	55	0.0404061502544177
29	21	6.38364417090868e-05
29	6	0.037500563188759
29	38	0.430077464292138
29	60	1.40661990725713e-06
29	41	5.94231781839267e-05
29	19	0.335216931532674
29	62	0.60612475440363
29	12	0.0305348463558385
29	28	0.361639468574562
29	52	0.387294147857925
29	66	0.436838698203912
29	59	0.436921889246291
29	39	0.0333243759248292
29	35	0.319922554865684
29	45	5.34291483310823e-05
29	26	0.394779152255712
29	51	1.68601283846468e-06
29	48	0.000847371795405748
29	1	0.176375571194098
29	49	0.000401522646845208
29	37	0.436726389791163
29	24	0.000345918454939227
29	56	0.401263661816327
29	64	0.32435743191229
29	61	0.596685457938264
29	53	0.266773086707235
29	30	2.69456007093432e-06
29	14	0
29	22	0.491887224508541
29	47	1.14415673429211e-06
29	68	0.374777195987089
29	23	6.8087512856413e-05
29	69	0.0192475703687285
29	46	0.0723800216189831
29	58	0
29	42	0.56719268033981
29	40	0.000617059818487989
29	10	0.00185159860481587
29	33	0.132473357169768
29	15	0.000109717228031483
29	31	0.310114805160366
29	67	0.273267443163111
29	8	0.000801602790127191
29	63	0.62558423611927
70	2	0.138387547430922
70	16	0.224507182290343
70	44	2.72939660413676e-05
70	13	0
70	4	0.171307164142604
70	20	2.72436976520887e-05
70	71	2.97181397499864e-05
70	7	0.145958585233107
70	11	0.157551780105232
70	34	0
70	25	0.0745100081907285
70	29	0.170495783135775
70	70	
70	17	0
70	5	5.44581050409557e-05
70	32	0.0599144426773114
70	27	0.177512869253666
70	9	0.212775143676578
70	57	0.0140814388491473
70	3	0.0324397540622823
70	50	5.57784843517005e-05
70	36	0.105917252589052
70	54	3.37313952772574e-05
70	43	0.164418646452152
70	18	0.0121010203169706
70	65	0.05790629309878
70	55	0.128971978441622
70	21	0.167185475770367
70	6	0.0600515301934254
70	38	4.65679285085136e-05
70	60	0
70	41	0
70	19	0.0457070083433479
70	62	0.142422130907999
70	12	0.116936155433549
70	28	0.187253046756914
70	52	0.216043501470362
70	66	0.183449988245005
70	59	2.44117077259524e-05
70	39	7.01326710336501e-05
70	35	0.0673787063793386
70	45	2.52260071218706e-05
70	26	0.15495257459045
70	51	4.33201919479375e-05
70	48	3.89041991289296e-05
70	1	0.120950206138466
70	49	0
70	37	0
70	24	0.270220230064869
70	56	2.2873789700662e-05
70	64	1.35339532829855e-05
70	61	0.140227549472597
70	53	0.263054812392263
70	30	2.92442881103999e-05
70	14	0.0027809874122266
70	22	0
70	47	3.39603656479007e-05
70	68	0.144108328257767
70	23	1.79971863024555e-05
70	69	0.0311173596487614
70	46	0
70	58	0
70	42	0.139825041618178
70	40	0
70	10	0.0148216538127548
70	33	0.143619198012276
70	15	0.234507918571585
70	31	0.139364260988727
70	67	0.0650704500694337
70	8	2.95916997468429e-05
70	63	0.117968415941411
17	2	6.64097340397207e-05
17	16	0.524410631176344
17	44	0.0306422551869965
17	13	0.650357937747603
17	4	0.0561333867213002
17	20	0.647504117847199
17	71	0.0456209757769167
17	7	9.30507476037352e-07
17	11	0.148978860778152
17	34	0.340144144667351
17	25	0.261017312652947
17	29	0.395106376388788
17	70	0
17	17	
17	5	0.123712278006496
17	32	0.459972973845931
17	27	0.302090470521615
17	9	0.00122676049887778
17	57	0.071696745385538
17	3	0.0347549505871891
17	50	0.0113333826944609
17	36	0.452185712149028
17	54	0
17	43	0.451272621908782
17	18	0.37634937188232
17	65	0.572547501262927
17	55	0.0247542357128946
17	21	0.0258701702486379
17	6	0.0899999347321331
17	38	0.46295857996335
17	60	1.59575586593579e-06
17	41	0.000753727142622157
17	19	0.399448222490597
17	62	0.498970955282308
17	12	2.96473314447597e-05
17	28	4.77564552522898e-06
17	52	0.0493505292439501
17	66	0.495568186631907
17	59	0.684844297584543
17	39	1.34027290329962e-06
17	35	0.258643307702205
17	45	0
17	26	0.471802168893165
17	51	0.120674477666285
17	48	7.55142718216983e-05
17	1	3.01774925592204e-05
17	49	4.14936941134778e-05
17	37	0.49548456385502
17	24	3.33024410593992e-05
17	56	0.50323370643922
17	64	0.646464252362475
17	61	0.464980952627186
17	53	1.17128194607575e-06
17	30	0.0449518481285607
17	14	0
17	22	0.557520574486657
17	47	1.29800155029571e-06
17	68	0.395448711891055
17	23	0.0276278800511851
17	69	0.0210751442535214
17	46	0.0341210651520348
17	58	0
17	42	0.342649770899908
17	40	0.114463171680158
17	10	0.063974300372861
17	33	0.229722642888811
17	15	0.045010275588576
17	31	0.351512954650804
17	67	0.263123423369971
17	8	0.0190525886688373
17	63	0.39131348568466
5	2	0.0420454327941939
5	16	0.0120379881849829
5	44	0.049139488807472
5	13	0.0286694062615253
5	4	0.0930109240379262
5	20	0.14957643545591
5	71	0.144168148873597
5	7	0.0215892349991946
5	11	0.272040472177102
5	34	0.0151559533288714
5	25	0.128423704686166
5	29	0.00192044062752405
5	70	5.44581050409557e-05
5	17	0.123712278006496
5	5	
5	32	0.0203233300984849
5	27	2.34565376011524e-05
5	9	0.0433589146881423
5	57	0.0638737818164592
5	3	0.0905008052168723
5	50	0.0285702667664798
5	36	0.0156567150851428
5	54	0.040332802900424
5	43	0.019836179541953
5	18	0.0165428464939492
5	65	0.00166152897905575
5	55	0.0589962621750723
5	21	0.0415824347198346
5	6	0.264947092659932
5	38	0.000287979823726689
5	60	0.355750553230016
5	41	0.0375848022606267
5	19	0.0961310100829752
5	62	0.0220421316305209
5	12	0.0534982310316679
5	28	0.0276523933218232
5	52	0.020422273525841
5	66	0.0435372502065156
5	59	0.0231181163165939
5	39	0.000433706091050626
5	35	0.0232304723451395
5	45	5.32554753330386e-05
5	26	0.0385011506137322
5	51	0.137386543841663
5	48	0.000802491384493073
5	1	0.0751946751771279
5	49	0.000446921718279275
5	37	0.0220701987927287
5	24	0.0412748730806594
5	56	0.020329386469354
5	64	0.343804185938771
5	61	0.135435539137018
5	53	0.0267492475559837
5	30	0.0371988851775272
5	14	0.0206312864166586
5	22	0.000346640780131302
5	47	0
5	68	0.0179356865238265
5	23	0.0228636516354836
5	69	0.195638965706021
5	46	0.000872284360608309
5	58	0.0721946112825972
5	42	0.0577375117223473
5	40	0.0239257208096944
5	10	0.147875422525846
5	33	0.0138006434044056
5	15	0.0722300060194075
5	31	0.109823410716922
5	67	0.000170141122444158
5	8	0.173232261699772
5	63	0.0191032910542169
32	2	6.75721939665846e-05
32	16	0.708776129205448
32	44	0.122637760535495
32	13	0.631739818319436
32	4	0.121100810880813
32	20	0.556137796997344
32	71	0.167077215194805
32	7	0.0264165615972617
32	11	0.154524533346209
32	34	0.407284163928915
32	25	0.253662407260254
32	29	0.447440327665561
32	70	0.0599144426773114
32	17	0.459972973845931
32	5	0.0203233300984849
32	32	
32	27	0.310132168681614
32	9	0.14984879069062
32	57	0.239628954539677
32	3	0.0794917092038896
32	50	1.62937141096541e-05
32	36	0.379717221355305
32	54	2.21207138737308e-05
32	43	0.565212092627451
32	18	0.471371861959822
32	65	0.494514782474223
32	55	0
32	21	0.182339171886532
32	6	0.0395017606320851
32	38	0.554603504834082
32	60	5.46065553606717e-07
32	41	0.0965853117183398
32	19	0.469264212275563
32	62	0.484909182015381
32	12	0.12280600147154
32	28	0.0338806890315261
32	52	0.184491982661348
32	66	0.696078524754582
32	59	0.556029524427176
32	39	4.58639620600861e-07
32	35	0.563360793824429
32	45	1.65429648294396e-05
32	26	0.482929353404981
32	51	1.26544640102526e-05
32	48	0.000103035640039888
32	1	0.0656682993848239
32	49	0.000140724852050498
32	37	0.508661841817409
32	24	0.0964466334605295
32	56	0.466999574410016
32	64	0.377835001123364
32	61	0.477357598790035
32	53	0.0852748859908373
32	30	0.000136771734573227
32	14	8.73091827279309e-05
32	22	0.572083726793123
32	47	4.44174419330084e-07
32	68	0.588336091289813
32	23	4.7986438589311e-05
32	69	0.0845032944569322
32	46	0.158207313058335
32	58	0.230605270602093
32	42	0.433268806479221
32	40	0
32	10	0.199295991996466
32	33	0.154281458837194
32	15	0.180322875113567
32	31	0.666549305678647
32	67	0.39405105307862
32	8	0.0500430534964065
32	63	0.557162679488712
27	2	0.000116390678308121
27	16	0.382235783256941
27	44	0.316524389228413
27	13	0.459023929951645
27	4	0.102288744478782
27	20	0.437849868251406
27	71	1.28003841110081e-05
27	7	5.85642660878629e-05
27	11	0.154918136192534
27	34	0.280492417372865
27	25	0.222503824541948
27	29	0.294624835071265
27	70	0.177512869253666
27	17	0.302090470521615
27	5	2.34565376011524e-05
27	32	0.310132168681614
27	27	
27	9	0.183295696921028
27	57	0.00784403192492078
27	3	3.94510909086646e-06
27	50	0.373566641900804
27	36	0.236868356319196
27	54	0.468973893564812
27	43	0.304325889788234
27	18	0.25378339869972
27	65	0.331722941552872
27	55	0.11110324384353
27	21	8.79893271907838e-05
27	6	7.03393590344209e-05
27	38	0.376485259051029
27	60	0
27	41	4.4901481154482e-05
27	19	0.415936407531056
27	62	0.3184904395647
27	12	0.0124404322903894
27	28	0.00013060602945108
27	52	7.35667163670738e-06
27	66	0.334124033977238
27	59	0.327301062913843
27	39	0.456575996545955
27	35	0.232870282758653
27	45	1.08655044852569e-05
27	26	0.334054805654856
27	51	2.94366721089489e-05
27	48	0.000127972256669785
27	1	1.73782441423629e-05
27	49	0
27	37	0.334067653482486
27	24	0.232781914917597
27	56	0.306729177400297
27	64	0.254700623731676
27	61	0.313550672747251
27	53	0
27	30	1.25962837517876e-05
27	14	2.02919156237865e-05
27	22	0.375805888869572
27	47	2.92552446755091e-05
27	68	0.338985321614023
27	23	0.0351212144637119
27	69	0.0268395024407515
27	46	0.0688333394353771
27	58	0
27	42	0.21837150380929
27	40	0
27	10	0.235430683422148
27	33	0.0395434588521974
27	15	0.202101378767646
27	31	0.237033783101572
27	67	0.215052248798646
27	8	1.27459230774155e-05
27	63	0.263873124291618
9	2	4.75450417791461e-07
9	16	0.111534533461035
9	44	0.0466227942790136
9	13	6.37519523461558e-07
9	4	0.219349768429691
9	20	1.12237081189209e-06
9	71	0.263009673867596
9	7	0.041585643676189
9	11	0.208749119658117
9	34	7.04393118492496e-07
9	25	5.1191736121092e-07
9	29	1.22740406589259e-06
9	70	0.212775143676578
9	17	0.00122676049887778
9	5	0.0433589146881423
9	32	0.14984879069062
9	27	0.183295696921028
9	9	
9	57	0.0762417539856303
9	3	0.0428617218657579
9	50	1.32728555260834e-06
9	36	0.0301705591683187
9	54	0
9	43	0.0387657641626048
9	18	0.093984105454325
9	65	4.6065146670721e-07
9	55	0.133181828097427
9	21	0.154121854105818
9	6	0.000136698368027795
9	38	0
9	60	8.60010814472791e-07
9	41	0.123132652510143
9	19	0.0301314527304916
9	62	9.78667484742193e-07
9	12	0.163090777632225
9	28	0.0533594524987882
9	52	0.053329219583868
9	66	0.161299422380417
9	59	0.000286515558987709
9	39	7.22321763490166e-07
9	35	0.153719114503872
9	45	0
9	26	0.0365288614509558
9	51	1.03083232857625e-06
9	48	0
9	1	0.171930796771626
9	49	0.00015955750247913
9	37	5.13278879128983e-07
9	24	0.430882071182962
9	56	0.0131585318488833
9	64	0.000108032820067101
9	61	9.63426509246011e-07
9	53	0.0523461819579234
9	30	1.64746054658707e-06
9	14	0.000137505178367065
9	22	5.77317646140279e-07
9	47	6.99540195518652e-07
9	68	0.128712316355549
9	23	0.16033568576149
9	69	0.0430274369484991
9	46	6.63466968288845e-07
9	58	0.141277494930761
9	42	0.0287064117697722
9	40	0
9	10	0.189553099062571
9	33	0.00301624444467724
9	15	0.310736368699301
9	31	0.114506795548518
9	67	0.119718106954555
9	8	0.0116385086543943
9	63	0.0336157637482658
57	2	0.192215183343107
57	16	0.222694261052894
57	44	0.262313792253224
57	13	0.0337730475268112
57	4	0.000212089898035914
57	20	0.0298013834688963
57	71	0.12798929223112
57	7	0.251968507973681
57	11	0.229950371893676
57	34	0.18146935196309
57	25	0.013688688162887
57	29	0.0826086049312897
57	70	0.0140814388491473
57	17	0.071696745385538
57	5	0.0638737818164592
57	32	0.239628954539677
57	27	0.00784403192492078
57	9	0.0762417539856303
57	57	
57	3	0.0518202677605142
57	50	0.0334736085964713
57	36	0.0547425552865007
57	54	2.09716088155707e-05
57	43	0.193384193353289
57	18	0.168777234266051
57	65	0.000100590791677708
57	55	0.024157704679967
57	21	0.370888429992825
57	6	0.0264846160721427
57	38	0.150649511536607
57	60	1.03539815606924e-06
57	41	0.18373394573103
57	19	0.165186733482905
57	62	0.0259341909896771
57	12	0.18319255755461
57	28	0.06446893156452
57	52	0.38314430351508
57	66	0.212335215306777
57	59	0.122132949407898
57	39	0.000463467874206081
57	35	0.104904655808171
57	45	0.0355435036915326
57	26	0.0673966355043216
57	51	0.0273476460753177
57	48	0.0004852236260302
57	1	0.129943490315493
57	49	0.000377706820054685
57	37	3.50429730744974e-05
57	24	0.0726725397493339
57	56	0.0238107645030205
57	64	0.0487976028601488
57	61	4.08713163897028e-05
57	53	0.0630214636425525
57	30	0.0437673605145514
57	14	0.000112063713557831
57	22	0.000204864776859054
57	47	4.30701320240266e-05
57	68	0.169735919106038
57	23	0.0269002003432692
57	69	0.180822554278262
57	46	0.208640529489403
57	58	0.437252030244743
57	42	0.157041166687973
57	40	0.055824089193308
57	10	0.25423798608865
57	33	0.0588946290835777
57	15	0.385768234691269
57	31	0.169801702604208
57	67	0.000152180528834271
57	8	0.0212926006244939
57	63	0.396812971383919
3	2	0.0365966550004852
3	16	0.0423310380918554
3	44	0.0321225835049787
3	13	0.000159133422490013
3	4	0.181446916882087
3	20	0.0427970592655224
3	71	0.0478353800950357
3	7	0.0306826479516372
3	11	0.287314295588921
3	34	0.000862999581151563
3	25	0.000554911889592252
3	29	0.018714995444939
3	70	0.0324397540622823
3	17	0.0347549505871891
3	5	0.0905008052168723
3	32	0.0794917092038896
3	27	3.94510909086646e-06
3	9	0.0428617218657579
3	57	0.0518202677605142
3	3	
3	50	0.000310644245462633
3	36	0.031429900911891
3	54	0.00973599483945512
3	43	0.0400576280347003
3	18	0.202723292714798
3	65	0.0217783169538061
3	55	2.15643264067012e-05
3	21	0.131127567406945
3	6	0.0725573322006283
3	38	0.0051024189411795
3	60	1.7739528036295e-06
3	41	0.025320061846227
3	19	0.0647544675602865
3	62	8.18710032288984e-06
3	12	0.0649166267535243
3	28	0.0369518097898054
3	52	0.0282459247089786
3	66	0.0332250427926585
3	59	0.000419779865163273
3	39	0.000361765261447599
3	35	0.0395609749478565
3	45	4.26479073304436e-05
3	26	0.0260997131561257
3	51	0.0401776496702307
3	48	0.000582383866382955
3	1	0.0712950972651385
3	49	0.0171653767665815
3	37	0.00747409617445551
3	24	0.0278276957693647
3	56	0.000354695735422454
3	64	0.0568507834942938
3	61	8.05960104724075e-06
3	53	0.0651979164852224
3	30	0.00194654270085154
3	14	0.0240720049416263
3	22	0.00037730956053953
3	47	0.151904661714505
3	68	0.0503534248404039
3	23	0.125423407506106
3	69	0.022275801531067
3	46	0.000689851160096119
3	58	0.0971381615225433
3	42	0.0532318015096879
3	40	0.000389101202594375
3	10	0.207255675891296
3	33	0.0509771719999592
3	15	0.0471492438172638
3	31	0.0454640912972479
3	67	0.0236862652632213
3	8	0.0811519685088353
3	63	0.0241506450813639
50	2	0.00151964663344626
50	16	0.0411078802672553
50	44	0.370510302591743
50	13	1.12756904776828e-06
50	4	0.000341853283768821
50	20	0.000147642190536683
50	71	2.86239856942452e-05
50	7	0.000385616992210947
50	11	0.000325633475210403
50	34	0.05053701138076
50	25	0.0617171996415268
50	29	0.000565251011822373
50	70	5.57784843517005e-05
50	17	0.0113333826944609
50	5	0.0285702667664798
50	32	1.62937141096541e-05
50	27	0.373566641900804
50	9	1.32728555260834e-06
50	57	0.0334736085964713
50	3	0.000310644245462633
50	50	
50	36	0.000388347763913987
50	54	0.497249515884955
50	43	0.0291059938915566
50	18	0.000132145051419016
50	65	0.000156138104335269
50	55	7.56372646941113e-05
50	21	0.0464664665070037
50	6	0.0482170879294023
50	38	0.000291717315486842
50	60	1.52108529928649e-06
50	41	0.0325402300978696
50	19	0.215708412087676
50	62	1.75983162661146e-05
50	12	0.0601220190096316
50	28	0.0452047288610335
50	52	7.5980082389129e-05
50	66	0.0377102486273306
50	59	0.0662479620998408
50	39	0.476445493220693
50	35	0.000462674605879958
50	45	0.374285360629797
50	26	0.000134645371133427
50	51	4.13902937470759e-05
50	48	0.000840696433988302
50	1	0.000235787858315833
50	49	0.0931940352174149
50	37	9.07826906753445e-07
50	24	0.000352880009178725
50	56	0.000368754484639033
50	64	1.23614181400594e-05
50	61	3.86837947510709e-05
50	53	0.100583340822857
50	30	2.96244967640083e-05
50	14	0.035603691174887
50	22	0.000425208779779421
50	47	3.22554202926851e-05
50	68	0.000560004045842978
50	23	0.0373012719854577
50	69	0.000316244388485055
50	46	0.0006905745920788
50	58	0
50	42	0.0492208175395634
50	40	0.041183670013679
50	10	0.249744278395138
50	33	5.26600821818825e-05
50	15	0.000214635813956224
50	31	0.000328732305759675
50	67	0.000198064147346459
50	8	0.0312395236865089
50	63	0.000510600626718014
36	2	0.0717761715314507
36	16	0.47391792624647
36	44	0.0227938694525255
36	13	0.482597676597791
36	4	0.000211539779362028
36	20	0.424741194486658
36	71	0.0336990272199232
36	7	0.0934419507369942
36	11	0.0225227834551498
36	34	0.266818251098524
36	25	0.231128413892313
36	29	0.369668808945741
36	70	0.105917252589052
36	17	0.452185712149028
36	5	0.0156567150851428
36	32	0.379717221355305
36	27	0.236868356319196
36	9	0.0301705591683187
36	57	0.0547425552865007
36	3	0.031429900911891
36	50	0.000388347763913987
36	36	
36	54	0
36	43	0.372675304436441
36	18	0.478243189467637
36	65	0.646786688282081
36	55	0.195433038420768
36	21	0.0192104326061626
36	6	0.00391617164575756
36	38	0.363084647554992
36	60	0
36	41	0.0178632188500874
36	19	0.290946327238611
36	62	0.441558948811098
36	12	0.0166121849037503
36	28	0.119968999099341
36	52	0.0895119268165342
36	66	0.409170463127608
36	59	0.380700290970499
36	39	0.000554404713803721
36	35	0.213794005621654
36	45	9.50264362707433e-05
36	26	0.36884331382374
36	51	2.50587535334051e-05
36	48	0.000500613505037285
36	1	0.110834710027645
36	49	0.00371186559369188
36	37	0.429668609576727
36	24	0.227285012098421
36	56	0.356797521232509
36	64	0.294111612461847
36	61	0.434705887208937
36	53	0.121273686859629
36	30	8.89918251989895e-05
36	14	2.35902974646946e-05
36	22	0.43725784537196
36	47	3.40105851558286e-05
36	68	0.502711064000398
36	23	8.71943829948014e-05
36	69	0.182039413970044
36	46	0.0271236209589397
36	58	0.0712979183299914
36	42	0.316245084570211
36	40	0.000427389253238406
36	10	0.0385056341855664
36	33	0.0459711135410376
36	15	0.0333842501927536
36	31	0.486457998933416
36	67	0.317571300678546
36	8	0.17939086487036
36	63	0.382386332052229
54	2	0
54	16	0
54	44	0.421230734727471
54	13	0
54	4	1.94290664689406e-05
54	20	0
54	71	3.8860568757187e-05
54	7	2.32809601902485e-05
54	11	5.15800717149143e-05
54	34	0
54	25	1.18826531764687e-05
54	29	0
54	70	3.37313952772574e-05
54	17	0
54	5	0.040332802900424
54	32	2.21207138737308e-05
54	27	0.468973893564812
54	9	0
54	57	2.09716088155707e-05
54	3	0.00973599483945512
54	50	0.497249515884955
54	36	0
54	54	
54	43	0
54	18	0
54	65	0
54	55	0.0477484476265415
54	21	0.0498992727894224
54	6	6.6476443243418e-05
54	38	0.018077625363938
54	60	0
54	41	0
54	19	0.285150576250795
54	62	2.27168820154294e-05
54	12	5.68567595218128e-05
54	28	0
54	52	2.23340519693045e-05
54	66	0
54	59	0
54	39	0.541182554838853
54	35	0
54	45	3.29864854420839e-05
54	26	0
54	51	2.39277351613718e-05
54	48	5.08726090499575e-05
54	1	0
54	49	0.0111829898160234
54	37	0
54	24	0.0507378327054746
54	56	0
54	64	1.76975115715395e-05
54	61	2.23631076768061e-05
54	53	0.0662740241880633
54	30	3.82409423480049e-05
54	14	0.0097394191107899
54	22	0
54	47	0
54	68	3.80352389846388e-05
54	23	2.35338046602596e-05
54	69	1.79735972595212e-05
54	46	0
54	58	0
54	42	0
54	40	0
54	10	0.35738199807486
54	33	0
54	15	0
54	31	0
54	67	0
54	8	3.86952310046509e-05
54	63	0
43	2	0.000266148704188472
43	16	0.710137403850187
43	44	0.145012143409298
43	13	0.619790510284806
43	4	0.0217254053966361
43	20	0.545721097995731
43	71	0.0432994467649965
43	7	0.0259814637936808
43	11	0.119507926572533
43	34	0.399664068796368
43	25	0.249230665856184
43	29	0.39785459832334
43	70	0.164418646452152
43	17	0.451272621908782
43	5	0.019836179541953
43	32	0.565212092627451
43	27	0.304325889788234
43	9	0.0387657641626048
43	57	0.193384193353289
43	3	0.0400576280347003
43	50	0.0291059938915566
43	36	0.372675304436441
43	54	0
43	43	
43	18	0.462548500043758
43	65	0.471810227570267
43	55	5.32799359811716e-05
43	21	0.286975165096733
43	6	0.000147389430804325
43	38	0.552752398680424
43	60	5.35736767423023e-07
43	41	0.0947473749729743
43	19	0.467336416853138
43	62	0.475725986507583
43	12	0.129687540316876
43	28	0.033434927768162
43	52	0.181032676596447
43	66	0.72514748553418
43	59	0.510870411767726
43	39	0.031763703714059
43	35	0.27437244697265
43	45	0.0310322964150725
43	26	0.573555856543491
43	51	0.0513973587712576
43	48	0.000242181033828831
43	1	0.0714330366708524
43	49	0.0486558958565423
43	37	0.499040543844602
43	24	0.123457536640455
43	56	0.458252460175424
43	64	0.370612276633785
43	61	0.468332460894147
43	53	0.0601233519491714
43	30	0.000115369347079468
43	14	1.51552524261794e-05
43	22	0.561350329215039
43	47	0.0361583684384376
43	68	0.578685026026467
43	23	0.0768335423901204
43	69	0.0828985155205569
43	46	0.142030883259475
43	58	0.226243390389819
43	42	0.432611510703706
43	40	4.78325542167807e-05
43	10	0.174343674528927
43	33	0.0590320211689422
43	15	0.177063274819884
43	31	0.455324688348206
43	67	0.265056292067226
43	8	2.91849733687896e-05
43	63	0.546685444650686
18	2	0.00791453774967226
