45	45	
45	36	9.50264362707433e-05
45	59	0.0706236643304232
45	5	5.32554753330386e-05
45	53	0.0418210918762563
45	58	0
45	48	3.80450552861538e-05
45	13	0
45	34	0.0261772741663632
45	9	0
45	30	2.85984696478955e-05
45	17	0
45	39	0.048043638692294
45	60	0
45	1	0
45	66	6.70407141692221e-05
45	27	1.08655044852569e-05
45	71	2.90618569487305e-05
45	43	0.0310322964150725
45	67	6.7599339616015e-05
45	4	1.45300176612392e-05
45	8	0.03275114067277
45	26	0
45	18	5.09127327958797e-05
45	19	0.0840317835425128
45	44	0.346790576753493
45	56	0
45	40	7.27032472568197e-05
45	64	1.32350751954824e-05
45	41	0
45	12	0.000149145346088942
45	61	1.67242389140843e-05
45	22	0.0453287215307953
45	49	0.143211249843523
45	42	0
45	35	3.49918950068862e-05
45	46	0.0522137531351037
45	20	0
45	51	0.0404863538483032
45	63	0
45	62	1.69888088766457e-05
45	25	0.0189997820883847
45	50	0.374285360629797
45	70	2.52260071218706e-05
45	33	0
45	6	0.000112046927224622
45	7	1.74106544581379e-05
45	69	1.34415457394379e-05
45	10	0.000141135690957145
45	47	0.109850315278803
45	24	6.31101817580397e-05
45	14	0
45	52	7.95280036613364e-05
45	55	0.0357680445643407
45	21	0
45	3	4.26479073304436e-05
45	28	0.0477402995629437
45	2	6.20893598175797e-05
45	57	0.0355435036915326
45	11	3.85741308870285e-05
45	38	0
45	29	5.34291483310823e-05
45	23	1.75997440688344e-05
45	15	0.0649285366226001
45	68	0.032267195115105
45	65	6.01567557764242e-05
45	31	4.75494553934e-05
45	54	3.29864854420839e-05
45	16	0.021926891438855
45	37	0
45	32	1.65429648294396e-05
36	45	9.50264362707433e-05
36	36	
36	59	0.380700290970499
36	5	0.0156567150851428
36	53	0.121273686859629
36	58	0.0712979183299914
36	48	0.000500613505037285
36	13	0.482597676597791
36	34	0.266818251098524
36	9	0.0301705591683187
36	30	8.89918251989895e-05
36	17	0.452185712149028
36	39	0.000554404713803721
36	60	0
36	1	0.110834710027645
36	66	0.409170463127608
36	27	0.236868356319196
36	71	0.0336990272199232
36	43	0.372675304436441
36	67	0.317571300678546
36	4	0.000211539779362028
36	8	0.17939086487036
36	26	0.36884331382374
36	18	0.478243189467637
36	19	0.290946327238611
36	44	0.0227938694525255
36	56	0.356797521232509
36	40	0.000427389253238406
36	64	0.294111612461847
36	41	0.0178632188500874
36	12	0.0166121849037503
36	61	0.434705887208937
36	22	0.43725784537196
36	49	0.00371186559369188
36	42	0.316245084570211
36	35	0.213794005621654
36	46	0.0271236209589397
36	20	0.424741194486658
36	51	2.50587535334051e-05
36	63	0.382386332052229
36	62	0.441558948811098
36	25	0.231128413892313
36	50	0.000388347763913987
36	70	0.105917252589052
36	33	0.0459711135410376
36	6	0.00391617164575756
36	7	0.0934419507369942
36	69	0.182039413970044
36	10	0.0385056341855664
36	47	3.40105851558286e-05
36	24	0.227285012098421
36	14	2.35902974646946e-05
36	52	0.0895119268165342
36	55	0.195433038420768
36	21	0.0192104326061626
36	3	0.031429900911891
36	28	0.119968999099341
36	2	0.0717761715314507
36	57	0.0547425552865007
36	11	0.0225227834551498
36	38	0.363084647554992
36	29	0.369668808945741
36	23	8.71943829948014e-05
36	15	0.0333842501927536
36	68	0.502711064000398
36	65	0.646786688282081
36	31	0.486457998933416
36	54	0
36	16	0.47391792624647
36	37	0.429668609576727
36	32	0.379717221355305
59	45	0.0706236643304232
59	36	0.380700290970499
59	59	
59	5	0.0231181163165939
59	53	0.0295978372598401
59	58	0
59	48	0.000595009127762554
59	13	0.70427988817562
59	34	0.386994757476985
59	9	0.000286515558987709
59	30	0.0488231152462675
59	17	0.684844297584543
59	39	0.0342010619921145
59	60	1.72881664282988e-06
59	1	0.00341007288747195
59	66	0.536929054459689
59	27	0.327301062913843
59	71	0.049487536694947
59	43	0.510870411767726
59	67	0.290717228772886
59	4	0.0234986496172636
59	8	0.0314692365363144
59	26	0.511205487175137
59	18	0.407760057732208
59	19	0.399219599654461
59	44	0.0596184401732307
59	56	0.54550227329451
59	40	0.143185418253672
59	64	0.476808490918939
59	41	0.000234975806783537
59	12	0.000231358621947964
59	61	0.503769187365843
59	22	0.603957675923061
59	49	0.0527606051185424
59	42	0.370639108287719
59	35	0.312963774725023
59	46	0.0517691426294798
59	20	0.620055918765862
59	51	0.0686446867217457
59	63	0.424292255050354
59	62	0.5405772337706
59	25	0.310572705219963
59	50	0.0662479620998408
59	70	2.44117077259524e-05
59	33	0.275134378102536
59	6	0.0295290574136976
59	7	0.00019842490523692
59	69	0.0231449358840276
59	10	0.000255243098769665
59	47	2.49090604952671e-05
59	24	0.000294877310214361
59	14	0.000200579658541855
59	52	0.0534655821173316
59	55	0.0268336270492154
59	21	0.0282397749626677
59	3	0.000419779865163273
59	28	0.0340440352148155
59	2	0.00109475363454681
59	57	0.122132949407898
59	11	0.000302758570486839
59	38	0.501783034140695
59	29	0.436921889246291
59	23	0.0299694538433878
59	15	0.0487912033534168
59	68	0.437545938553969
59	65	0.48186421609
59	31	0.417316508960456
59	54	0
59	16	0.567909523225934
59	37	0.536838452399799
59	32	0.556029524427176
5	45	5.32554753330386e-05
5	36	0.0156567150851428
5	59	0.0231181163165939
5	5	
5	53	0.0267492475559837
5	58	0.0721946112825972
5	48	0.000802491384493073
5	13	0.0286694062615253
5	34	0.0151559533288714
5	9	0.0433589146881423
5	30	0.0371988851775272
5	17	0.123712278006496
5	39	0.000433706091050626
5	60	0.355750553230016
5	1	0.0751946751771279
5	66	0.0435372502065156
5	27	2.34565376011524e-05
5	71	0.144168148873597
5	43	0.019836179541953
5	67	0.000170141122444158
5	4	0.0930109240379262
5	8	0.173232261699772
5	26	0.0385011506137322
5	18	0.0165428464939492
5	19	0.0961310100829752
5	44	0.049139488807472
5	56	0.020329386469354
5	40	0.0239257208096944
5	64	0.343804185938771
5	41	0.0375848022606267
5	12	0.0534982310316679
5	61	0.135435539137018
5	22	0.000346640780131302
5	49	0.000446921718279275
5	42	0.0577375117223473
5	35	0.0232304723451395
5	46	0.000872284360608309
5	20	0.14957643545591
5	51	0.137386543841663
5	63	0.0191032910542169
5	62	0.0220421316305209
5	25	0.128423704686166
5	50	0.0285702667664798
5	70	5.44581050409557e-05
5	33	0.0138006434044056
5	6	0.264947092659932
5	7	0.0215892349991946
5	69	0.195638965706021
5	10	0.147875422525846
5	47	0
5	24	0.0412748730806594
5	14	0.0206312864166586
5	52	0.020422273525841
5	55	0.0589962621750723
5	21	0.0415824347198346
5	3	0.0905008052168723
5	28	0.0276523933218232
5	2	0.0420454327941939
5	57	0.0638737818164592
5	11	0.272040472177102
5	38	0.000287979823726689
5	29	0.00192044062752405
5	23	0.0228636516354836
5	15	0.0722300060194075
5	68	0.0179356865238265
5	65	0.00166152897905575
5	31	0.109823410716922
5	54	0.040332802900424
5	16	0.0120379881849829
5	37	0.0220701987927287
5	32	0.0203233300984849
53	45	0.0418210918762563
53	36	0.121273686859629
53	59	0.0295978372598401
53	5	0.0267492475559837
53	53	
53	58	0.118838507035438
53	48	0
53	13	5.36262823822334e-07
53	34	0.000703950865435053
53	9	0.0523461819579234
53	30	1.38579574795083e-06
53	17	1.17128194607575e-06
53	39	0.0425147654013132
53	60	7.23416006748746e-07
53	1	0.312525602616737
53	66	0.0358093949747985
53	27	0
53	71	0.116778601773581
53	43	0.0601233519491714
53	67	0.0570487913350992
53	4	0.0473782921162246
53	8	0.000832642005619146
53	26	0.0307270125412646
53	18	0.0271947305533184
53	19	0.0657540061656868
53	44	0.0723087306671468
53	56	7.92670393784718e-07
53	40	0.0148349818316275
53	64	0
53	41	0.0308608079039891
53	12	0.0839392156525818
53	61	0.261489178987491
53	22	4.85622760979361e-07
53	49	0.0726800279883869
53	42	0.242158498246926
53	35	0.0772164596247138
53	46	5.58089057407311e-07
53	20	0.00112166613163597
53	51	8.67106080780265e-07
53	63	0.171000367586604
53	62	0.265625820579992
53	25	0.0957741212743561
53	50	0.100583340822857
53	70	0.263054812392263
53	33	0.124725805457456
53	6	0.102456056470496
53	7	0.162772075837276
53	69	0.0270067436251892
53	10	0.0665419600565949
53	47	5.88432803734646e-07
53	24	0.0674190363501079
53	14	0.105001213703909
53	52	0.342458450333074
53	55	0.0317234118461635
53	21	0.123979022623657
53	3	0.0651979164852224
53	28	0.394164105845449
53	2	0.259038617228222
53	57	0.0630214636425525
53	11	0.0387506228402495
53	38	0
53	29	0.266773086707235
53	23	0.0145208821566916
53	15	0.0576822296744118
53	68	0.028575124563909
53	65	0.0503080256980462
53	31	0.0253982561212113
53	54	0.0662740241880633
53	16	0.120385298334169
53	37	4.31755218468487e-07
53	32	0.0852748859908373
58	45	0
58	36	0.0712979183299914
58	59	0
58	5	0.0721946112825972
58	53	0.118838507035438
58	58	
58	48	0
58	13	0
58	34	0.10414612993307
58	9	0.141277494930761
58	30	0
58	17	0
58	39	0
58	60	0
58	1	0.234689880253041
58	66	0.2484507618448
58	27	0
58	71	0.157588263174316
58	43	0.226243390389819
58	67	0
58	4	0
58	8	0
58	26	0.0829293598151116
58	18	0.188680974054185
58	19	0.178653231576768
58	44	0.272095032207573
58	56	0
58	40	0
58	64	0
58	41	0.385862381558463
58	12	0.197574522081106
58	61	0
58	22	0
58	49	0
58	42	0.162368088020405
58	35	0.0504444961991192
58	46	0.196190210471076
58	20	0
58	51	0
58	63	0.316050732663212
58	62	0
58	25	0
58	50	0
58	70	0
58	33	0
58	6	0
58	7	0.0944094798080674
58	69	0.187372174486965
58	10	0.320632230872702
58	47	0
58	24	0.090979963308436
58	14	0
58	52	0.375089023290744
58	55	0
58	21	0.37056139940858
58	3	0.0971381615225433
58	28	0.121134494186078
58	2	0.00366240753338552
58	57	0.437252030244743
58	11	0.268857426197681
58	38	0.141825808403176
58	29	0
58	23	0
58	15	0.40021247889245
58	68	0.198255956578417
58	65	0
58	31	0.068547539977201
58	54	0
58	16	0.217373744373583
58	37	0
58	32	0.230605270602093
48	45	3.80450552861538e-05
48	36	0.000500613505037285
48	59	0.000595009127762554
48	5	0.000802491384493073
48	53	0
48	58	0
48	48	
48	13	0
48	34	0.00048460196643341
48	9	0
48	30	0.10005725209804
48	17	7.55142718216983e-05
48	39	0.000876354879533347
48	60	0.104138307702738
48	1	0.0507418692918901
48	66	8.35217776990889e-05
48	27	0.000127972256669785
48	71	0.000181007882343516
48	43	0.000242181033828831
48	67	0.000264147875729651
48	4	0.000598257331829995
48	8	0.128708001310968
48	26	0.106909098091656
48	18	0.000201972545061054
48	19	0.000589428512547678
48	44	0.0342592594550636
48	56	0.000801617587694411
48	40	0.000477606942709148
48	64	2.04114744915375e-05
48	41	0.000229200135033086
48	12	0.000277068498929594
48	61	2.57925528146399e-05
48	22	0.0706075530673852
48	49	0.000568595574389641
48	42	0.0406250240172617
48	35	0.000689613158603619
48	46	0.00135424086532934
48	20	0.101950416976179
48	51	2.75971203020448e-05
48	63	0.000905515294460547
48	62	0.0592793948123644
48	25	0.000456847339244451
48	50	0.000840696433988302
48	70	3.89041991289296e-05
48	33	0
48	6	0.0027808207081118
48	7	0.0613597735640493
48	69	0.000490451741862316
48	10	0.000103139392387348
48	47	0
48	24	0.0880379204438055
48	14	0
48	52	2.57590413330904e-05
48	55	0
48	21	0.000168896942066841
48	3	0.000582383866382955
48	28	0.00100930994259394
48	2	0.0025320286945208
48	57	0.0004852236260302
48	11	0.000626453389633291
48	38	0.000411458474324487
48	29	0.000847371795405748
48	23	0.000289761973139521
48	15	0.0499620154109213
48	68	0.000958954184037403
48	65	0.000313589389215843
48	31	0.000560234165115748
48	54	5.08726090499575e-05
48	16	0.000284539987852228
48	37	8.35076841330165e-05
48	32	0.000103035640039888
13	45	0
13	36	0.482597676597791
13	59	0.70427988817562
13	5	0.0286694062615253
13	53	5.36262823822334e-07
13	58	0
13	48	0
13	13	
13	34	0.467162951640253
13	9	6.37519523461558e-07
13	30	0.0834126576687287
13	17	0.650357937747603
13	39	0.171797267122845
13	60	7.30605085876087e-07
13	1	7.06030736145657e-07
13	66	0.68062728462085
13	27	0.459023929951645
13	71	0.0625810319902448
13	43	0.619790510284806
13	67	0.379615519221716
13	4	1.06661677297589e-06
13	8	0.0404035524177284
13	26	0.679023009221807
13	18	0.527220201074319
13	19	0.481749866371945
13	44	0.0569316662692772
13	56	0.624685449293031
13	40	0.0395600134350786
13	64	0.544020254817996
13	41	3.75851051838019e-07
13	12	6.93627119735714e-07
13	61	0.638662690268712
13	22	0.765769101912131
13	49	0.0147653212757989
13	42	0.469886584108427
13	35	0.35525335279332
13	46	0.111060272197733
13	20	0.825516134399938
13	51	0.0658506014277431
13	63	0.53743956900573
13	62	0.685348882495241
13	25	0.358489473601177
13	50	1.12756904776828e-06
13	70	0
13	33	0.0804556186139226
13	6	0.0356853497863722
13	7	4.26026003695709e-07
13	69	0.0562194672896868
13	10	1.21560564581433e-06
13	47	5.94280462547427e-07
13	24	0
13	14	0.0128580840725405
13	52	8.17396432884283e-07
13	55	0.0340006342352571
13	21	0.0481274747294721
13	3	0.000159133422490013
13	28	2.18649417718265e-06
13	2	0.0125997935610953
13	57	0.0337730475268112
13	11	0.014721992210643
13	38	0.669674105747725
13	29	0.571509680788592
13	23	0.0513324359356197
13	15	0.0618228708357217
13	68	0.582833761346451
13	65	0.643471355006128
13	31	0.49239221815081
13	54	0
13	16	0.719640017831814
13	37	0.680512434747311
13	32	0.631739818319436
34	45	0.0261772741663632
34	36	0.266818251098524
34	59	0.386994757476985
34	5	0.0151559533288714
34	53	0.000703950865435053
34	58	0.10414612993307
34	48	0.00048460196643341
34	13	0.467162951640253
34	34	
34	9	7.04393118492496e-07
34	30	0.0321456817248662
34	17	0.340144144667351
34	39	0.000375849223792129
34	60	0.00816894205348361
34	1	0.000137083306974452
34	66	0.458814452869383
34	27	0.280492417372865
34	71	4.45563969408532e-05
34	43	0.399664068796368
34	67	0.383114940648552
34	4	0.00111890021857271
34	8	0.000831280304531537
34	26	0.411968737138634
34	18	0.333309210337713
34	19	0.324517308955015
34	44	0.0688954681551722
34	56	0.345364478578481
34	40	0.0220444003303496
34	64	0.279217516040365
34	41	0.0713824266289217
34	12	0.081808773860646
34	61	0.352828551930446
34	22	0.423273205483964
34	49	0.000841153451847549
34	42	0.312862701409877
34	35	0.399375112122514
34	46	0.107371565857069
34	20	0.411756279112295
34	51	9.67583434099892e-07
34	63	0.460331027251111
34	62	0.35841014145774
34	25	0.33297322379145
34	50	0.05053701138076
34	70	0
34	33	0.0444481034905142
34	6	0.00143319143469513
34	7	0.158019817791136
34	69	0.047485976491039
34	10	0.0584021466734369
34	47	6.56618429503181e-07
34	24	0.000189799883997366
34	14	0.018883532786621
34	52	0.118202658758369
34	55	2.94387521276357e-05
34	21	0.116798930713905
34	3	0.000862999581151563
34	28	0.0239902407364085
34	2	0.161555961697659
34	57	0.18146935196309
34	11	0.068101447679003
34	38	0.410064542053221
34	29	0.364258346063749
34	23	0.000649722540233977
34	15	0.101196037839242
34	68	0.4174798255216
34	65	0.337687795174318
34	31	0.266894509698857
34	54	0
34	16	0.465845904948492
34	37	0.375974998991288
34	32	0.407284163928915
9	45	0
9	36	0.0301705591683187
9	59	0.000286515558987709
9	5	0.0433589146881423
9	53	0.0523461819579234
9	58	0.141277494930761
9	48	0
9	13	6.37519523461558e-07
9	34	7.04393118492496e-07
9	9	
9	30	1.64746054658707e-06
9	17	0.00122676049887778
9	39	7.22321763490166e-07
9	60	8.60010814472791e-07
9	1	0.171930796771626
9	66	0.161299422380417
9	27	0.183295696921028
9	71	0.263009673867596
9	43	0.0387657641626048
9	67	0.119718106954555
9	4	0.219349768429691
9	8	0.0116385086543943
9	26	0.0365288614509558
9	18	0.093984105454325
9	19	0.0301314527304916
9	44	0.0466227942790136
9	56	0.0131585318488833
9	40	0
9	64	0.000108032820067101
9	41	0.123132652510143
9	12	0.163090777632225
9	61	9.63426509246011e-07
9	22	5.77317646140279e-07
9	49	0.00015955750247913
9	42	0.0287064117697722
9	35	0.153719114503872
9	46	6.63466968288845e-07
9	20	1.12237081189209e-06
9	51	1.03083232857625e-06
9	63	0.0336157637482658
9	62	9.78667484742193e-07
9	25	5.1191736121092e-07
9	50	1.32728555260834e-06
9	70	0.212775143676578
9	33	0.00301624444467724
9	6	0.000136698368027795
9	7	0.041585643676189
9	69	0.0430274369484991
9	10	0.189553099062571
9	47	6.99540195518652e-07
9	24	0.430882071182962
9	14	0.000137505178367065
9	52	0.053329219583868
9	55	0.133181828097427
9	21	0.154121854105818
9	3	0.0428617218657579
9	28	0.0533594524987882
9	2	4.75450417791461e-07
9	57	0.0762417539856303
9	11	0.208749119658117
9	38	0
9	29	1.22740406589259e-06
9	23	0.16033568576149
9	15	0.310736368699301
9	68	0.128712316355549
9	65	4.6065146670721e-07
9	31	0.114506795548518
9	54	0
9	16	0.111534533461035
9	37	5.13278879128983e-07
9	32	0.14984879069062
30	45	2.85984696478955e-05
30	36	8.89918251989895e-05
30	59	0.0488231152462675
30	5	0.0371988851775272
30	53	1.38579574795083e-06
30	58	0
30	48	0.10005725209804
30	13	0.0834126576687287
30	34	0.0321456817248662
30	9	1.64746054658707e-06
30	30	
30	17	0.0449518481285607
30	39	0.0247339999993345
30	60	0.0782826582601361
30	1	0.0379273382777497
30	66	0.000126693655562902
30	27	1.25962837517876e-05
30	71	0.081099452064014
30	43	0.000115369347079468
30	67	6.3874673440777e-05
30	4	0.000121966904422589
30	8	0.017222646118197
30	26	0.125828994728779
30	18	0.0134452622767851
30	19	1.46247858770337e-05
30	44	0.073699379483806
30	56	0.00034780690932237
30	40	0
30	64	0.0721631888572731
30	41	0.000109185552275668
30	12	0.000150939732297275
30	61	0.0939440095767187
30	22	0.0862779437180819
30	49	0.0192161760090264
30	42	0.0629457223105081
30	35	0.0156545648851351
30	46	0.0230432345029175
30	20	0.105429348171287
30	51	0.0851065394247359
30	63	0.0369993749716733
30	62	0.187238971669623
30	25	0.0247988778551767
30	50	2.96244967640083e-05
30	70	2.92442881103999e-05
30	33	2.50721636458367e-06
30	6	0.139349004666739
30	7	0.0490568471600398
30	69	0.0726572638020753
30	10	0.000139003680961191
30	47	1.53572334591167e-06
30	24	0.0441066548895854
30	14	0.0166137549005488
30	52	2.14753659909514e-05
30	55	0.0439317553424708
30	21	0.105446814114031
30	3	0.00194654270085154
30	28	5.65027855569348e-06
30	2	0.0165131287544507
30	57	0.0437673605145514
30	11	0.0192032937448847
30	38	0
30	29	2.69456007093432e-06
30	23	0.0664708921112096
30	15	0.0798804874441944
30	68	0.0141614431589518
30	65	0.00333936995450841
30	31	0.06952092871978
30	54	3.82409423480049e-05
30	16	6.94178373513261e-05
30	37	0.000126672277121796
30	32	0.000136771734573227
17	45	0
17	36	0.452185712149028
17	59	0.684844297584543
17	5	0.123712278006496
17	53	1.17128194607575e-06
17	58	0
17	48	7.55142718216983e-05
17	13	0.650357937747603
17	34	0.340144144667351
17	9	0.00122676049887778
17	30	0.0449518481285607
17	17	
17	39	1.34027290329962e-06
17	60	1.59575586593579e-06
17	1	3.01774925592204e-05
17	66	0.495568186631907
17	27	0.302090470521615
17	71	0.0456209757769167
17	43	0.451272621908782
17	67	0.263123423369971
17	4	0.0561333867213002
17	8	0.0190525886688373
17	26	0.471802168893165
17	18	0.37634937188232
17	19	0.399448222490597
17	44	0.0306422551869965
17	56	0.50323370643922
17	40	0.114463171680158
17	64	0.646464252362475
17	41	0.000753727142622157
17	12	2.96473314447597e-05
17	61	0.464980952627186
17	22	0.557520574486657
17	49	4.14936941134778e-05
17	42	0.342649770899908
17	35	0.258643307702205
17	46	0.0341210651520348
17	20	0.647504117847199
17	51	0.120674477666285
17	63	0.39131348568466
17	62	0.498970955282308
17	25	0.261017312652947
17	50	0.0113333826944609
17	70	0
17	33	0.229722642888811
17	6	0.0899999347321331
17	7	9.30507476037352e-07
17	69	0.0210751442535214
17	10	0.063974300372861
17	47	1.29800155029571e-06
17	24	3.33024410593992e-05
17	14	0
17	52	0.0493505292439501
17	55	0.0247542357128946
17	21	0.0258701702486379
17	3	0.0347549505871891
17	28	4.77564552522898e-06
17	2	6.64097340397207e-05
17	57	0.071696745385538
17	11	0.148978860778152
17	38	0.46295857996335
17	29	0.395106376388788
17	23	0.0276278800511851
17	15	0.045010275588576
17	68	0.395448711891055
17	65	0.572547501262927
17	31	0.351512954650804
17	54	0
17	16	0.524410631176344
17	37	0.49548456385502
17	32	0.459972973845931
39	45	0.048043638692294
39	36	0.000554404713803721
39	59	0.0342010619921145
39	5	0.000433706091050626
39	53	0.0425147654013132
39	58	0
39	48	0.000876354879533347
39	13	0.171797267122845
39	34	0.000375849223792129
39	9	7.22321763490166e-07
39	30	0.0247339999993345
39	17	1.34027290329962e-06
39	39	
39	60	8.27789478790324e-07
39	1	0.000275890786884671
39	66	0.000136797579203745
39	27	0.456575996545955
39	71	8.05715250098479e-07
39	43	0.031763703714059
39	67	0.041600911840643
39	4	0.000376298467785624
39	8	0.0797494823420566
39	26	0.0705083250930243
39	18	0.0119008715342068
39	19	0.207379497988318
39	44	0.42017732546081
39	56	0.000423191901342151
39	40	0.089335403158671
39	64	0.0114459048531295
39	41	0.000104059125202014
39	12	0.000352601382938962
39	61	4.74236127858702e-05
39	22	0.000462249855577169
39	49	0.0922373202166426
39	42	3.23829686555254e-05
39	35	0.000551829640827598
39	46	0.0736276416434585
39	20	0.0449789850528826
39	51	0.0310013731410324
39	63	0.000554577164876024
39	62	9.42000534726309e-07
39	25	0.000289850525461402
39	50	0.476445493220693
39	70	7.01326710336501e-05
39	33	0.000111334690904662
39	6	0.00185938659448272
39	7	0.000401531185991851
39	69	0.0312502309088891
39	10	0.271934981130836
39	47	6.81948660065249e-05
39	24	0.000494883840943563
39	14	0.0146152882133512
39	52	0.0001286594224039
39	55	0.00444636644629979
39	21	0.0144737779491262
39	3	0.000361765261447599
39	28	0.000667773165829003
39	2	0.0160149681185062
39	57	0.000463467874206081
39	11	0.0169944406115001
39	38	0.03864575854396
39	29	0.0333243759248292
39	23	0.0558015941960066
39	15	0.000273523343304606
39	68	0.0455963883996735
39	65	0.0369985949766315
39	31	0.0113557473102514
39	54	0.541182554838853
39	16	0.0225662067656722
39	37	4.94048270879861e-07
39	32	4.58639620600861e-07
60	45	0
60	36	0
60	59	1.72881664282988e-06
60	5	0.355750553230016
60	53	7.23416006748746e-07
60	58	0
60	48	0.104138307702738
60	13	7.30605085876087e-07
60	34	0.00816894205348361
60	9	8.60010814472791e-07
60	30	0.0782826582601361
60	17	1.59575586593579e-06
60	39	8.27789478790324e-07
60	60	
60	1	0.0394907490176113
60	66	5.88323078898265e-07
60	27	0
60	71	0.00164056371196836
60	43	5.35736767423023e-07
60	67	2.96612678632842e-07
60	4	1.43886096958511e-06
60	8	0.193309876606157
60	26	0.0837245293920536
60	18	4.46790224191076e-07
60	19	0
60	44	1.28862383767839e-06
60	56	0.0447774108423505
60	40	0
60	64	0.176822581843063
60	41	5.07021286903632e-07
60	12	0.000800568821387317
60	61	1.10409843403866e-06
60	22	0.0548643366341092
60	49	1.91543455626086e-06
60	42	0.0318828466523094
60	35	3.07075180538385e-07
60	46	7.60341171530957e-07
60	20	0.0533318815376295
60	51	1.18134631839038e-06
60	63	1.39366010106612e-06
60	62	0.0465035065131566
60	25	0.118724702498384
60	50	1.52108529928649e-06
60	70	0
60	33	1.30882235221477e-06
60	6	1.64101827765291e-06
60	7	0.0476576507089299
60	69	0.179582390228714
60	10	1.63984625264193e-06
60	47	8.01681526309362e-07
60	24	0.0459258862018119
60	14	0
60	52	0.0457198188780617
60	55	0
60	21	5.44676939468118e-07
60	3	1.7739528036295e-06
60	28	0.00126327598681665
60	2	0.000931821529286232
60	57	1.03539815606924e-06
60	11	6.36645376294279e-07
60	38	0
60	29	1.40661990725713e-06
60	23	5.80948704622868e-07
60	15	0
60	68	9.38926923935101e-07
60	65	5.27912153286173e-07
60	31	4.17275417537596e-07
60	54	0
60	16	6.39022121543656e-07
60	37	5.88223804548355e-07
60	32	5.46065553606717e-07
1	45	0
1	36	0.110834710027645
1	59	0.00341007288747195
1	5	0.0751946751771279
1	53	0.312525602616737
1	58	0.234689880253041
1	48	0.0507418692918901
1	13	7.06030736145657e-07
1	34	0.000137083306974452
1	9	0.171930796771626
1	30	0.0379273382777497
1	17	3.01774925592204e-05
1	39	0.000275890786884671
1	60	0.0394907490176113
1	1	
1	66	0.0707500698861467
1	27	1.73782441423629e-05
1	71	0.11536279877667
1	43	0.0714330366708524
1	67	0.00010045290625938
1	4	0.0613629955781789
1	8	0.00687729657016809
1	26	0.121413998556578
1	18	0.0537297289869399
1	19	0.050182601691463
1	44	0.192807275825573
1	56	0.132268715249047
1	40	0.000181111076523754
1	64	0
1	41	0.0609729462753221
1	12	0.0562740863652926
1	61	0.207363190913902
1	22	0.026697599891599
1	49	0.000217465454215261
1	42	0.181515728947088
1	35	0.0413237743481666
1	46	0.13658711300703
1	20	0.0258198399500686
1	51	1.54516825351802e-05
1	63	0.123597271203983
1	62	0.233099122090652
1	25	0.0427070934142445
1	50	0.000235787858315833
1	70	0.120950206138466
1	33	3.29732681665504e-05
1	6	0.000962693269863526
1	7	0.212395596085052
1	69	0.101693417820291
1	10	0.229263817861306
1	47	2.01968280159922e-05
1	24	0.0889761455316574
1	14	1.34714938451998e-05
1	52	0.280790949129836
1	55	0.0208957674811569
1	21	0.0654983777986242
1	3	0.0712950972651385
1	28	0.365811905571096
1	2	0.170742442924441
1	57	0.129943490315493
1	11	0.076741894945929
1	38	0.0073581646158199
1	29	0.176375571194098
1	23	0.104000087416167
1	15	0.113937513815533
1	68	0.056734705461926
1	65	5.73496073085574e-05
1	31	0.0503313851562574
1	54	0
1	16	0.0849400913576264
1	37	3.22349936446114e-05
1	32	0.0656682993848239
66	45	6.70407141692221e-05
66	36	0.409170463127608
66	59	0.536929054459689
66	5	0.0435372502065156
66	53	0.0358093949747985
66	58	0.2484507618448
66	48	8.35217776990889e-05
66	13	0.68062728462085
66	34	0.458814452869383
66	9	0.161299422380417
66	30	0.000126693655562902
66	17	0.495568186631907
66	39	0.000136797579203745
66	60	5.88323078898265e-07
66	1	0.0707500698861467
66	66	
66	27	0.334124033977238
66	71	0.179985562651634
66	43	0.72514748553418
66	67	0.372970964749456
66	4	0.06624659273924
66	8	3.20496826687507e-05
66	26	0.629750822999713
66	18	0.507885966902864
66	19	0.473297126164651
66	44	0.132128138079543
66	56	0.503138543800102
66	40	0.0316341687853531
66	64	0.406990464207803
66	41	0.129071301980171
66	12	0.142335313426964
66	61	0.514286045334298
66	22	0.616354679967463
66	49	9.61726800421899e-05
66	42	0.475063849273962
66	35	0.38608116961234
66	46	0.155972208030057
66	20	0.599174767315246
66	51	7.05180027006553e-07
66	63	0.600278960793205
66	62	0.522421820029871
66	25	0.287805633821713
66	50	0.0377102486273306
66	70	0.183449988245005
66	33	0.0647872539798272
66	6	8.23944233668746e-05
66	7	0.0284482398521231
66	69	0.0909578511021893
66	10	0.214704173986064
66	47	4.78547053961086e-07
66	24	0.103955795730876
66	14	0.0294730734473324
66	52	0.198802300220544
66	55	4.29102427527964e-05
66	21	0.314447828781559
66	3	0.0332250427926585
66	28	0.0365025611935558
66	2	0.000117660483091093
66	57	0.212335215306777
66	11	0.130555590961296
66	38	0.597521743271781
66	29	0.436838698203912
66	23	3.89841823794271e-05
66	15	0.194277240858534
66	68	0.700216393818778
66	65	0.491913456068107
66	31	0.557551714902962
66	54	0
66	16	0.809227381185274
66	37	0.548024864266771
66	32	0.696078524754582
27	45	1.08655044852569e-05
27	36	0.236868356319196
27	59	0.327301062913843
27	5	2.34565376011524e-05
27	53	0
27	58	0
27	48	0.000127972256669785
27	13	0.459023929951645
27	34	0.280492417372865
27	9	0.183295696921028
27	30	1.25962837517876e-05
27	17	0.302090470521615
27	39	0.456575996545955
27	60	0
27	1	1.73782441423629e-05
27	66	0.334124033977238
27	27	
27	71	1.28003841110081e-05
27	43	0.304325889788234
27	67	0.215052248798646
27	4	0.102288744478782
27	8	1.27459230774155e-05
27	26	0.334054805654856
27	18	0.25378339869972
27	19	0.415936407531056
27	44	0.316524389228413
27	56	0.306729177400297
27	40	0
27	64	0.254700623731676
27	41	4.4901481154482e-05
27	12	0.0124404322903894
27	61	0.313550672747251
27	22	0.375805888869572
27	49	0
27	42	0.21837150380929
27	35	0.232870282758653
27	46	0.0688333394353771
27	20	0.437849868251406
27	51	2.94366721089489e-05
27	63	0.263873124291618
27	62	0.3184904395647
27	25	0.222503824541948
27	50	0.373566641900804
27	70	0.177512869253666
27	33	0.0395434588521974
27	6	7.03393590344209e-05
27	7	5.85642660878629e-05
27	69	0.0268395024407515
27	10	0.235430683422148
27	47	2.92552446755091e-05
27	24	0.232781914917597
27	14	2.02919156237865e-05
27	52	7.35667163670738e-06
27	55	0.11110324384353
27	21	8.79893271907838e-05
27	3	3.94510909086646e-06
27	28	0.00013060602945108
27	2	0.000116390678308121
27	57	0.00784403192492078
27	11	0.154918136192534
27	38	0.376485259051029
27	29	0.294624835071265
27	23	0.0351212144637119
27	15	0.202101378767646
27	68	0.338985321614023
27	65	0.331722941552872
27	31	0.237033783101572
27	54	0.468973893564812
27	16	0.382235783256941
27	37	0.334067653482486
27	32	0.310132168681614
71	45	2.90618569487305e-05
71	36	0.0336990272199232
71	59	0.049487536694947
71	5	0.144168148873597
71	53	0.116778601773581
71	58	0.157588263174316
71	48	0.000181007882343516
71	13	0.0625810319902448
71	34	4.45563969408532e-05
71	9	0.263009673867596
71	30	0.081099452064014
71	17	0.0456209757769167
71	39	8.05715250098479e-07
71	60	0.00164056371196836
71	1	0.11536279877667
71	66	0.179985562651634
71	27	1.28003841110081e-05
71	71	
71	43	0.0432994467649965
71	67	0.133571967026883
71	4	0.108036690584269
71	8	8.63505803204487e-05
71	26	0.0840417978748676
71	18	0.0361105877062321
71	19	0.0336250507307749
71	44	0.107264200301601
71	56	0.0437590251815582
71	40	0
71	64	0.0374363811445797
71	41	0.0409785972439501
71	12	0.0386415309334563
71	61	2.0777071342275e-05
71	22	6.4397011852255e-07
71	49	7.11040361359977e-05
71	42	0.0639656457091967
71	35	0.163035092620731
71	46	0.000165650254206617
71	20	0.0551581913117241
71	51	0.050616616872018
71	63	0.109415907005105
71	62	0.0480551839004851
71	25	0.0251683181934392
71	50	2.86239856942452e-05
71	70	2.97181397499864e-05
71	33	1.27392067170294e-06
71	6	0.0570538398077154
71	7	0.0464073001503778
71	69	0.0738332498678847
71	10	0.211365392650279
71	47	7.80303504719089e-07
71	24	0.214133848283503
71	14	0
71	52	0.0445203092184557
71	55	0.0446435912476689
71	21	0.0906175024920162
71	3	0.0478353800950357
71	28	0.302492109886511
71	2	0.0550442660400785
71	57	0.12798929223112
71	11	0.0515005500266066
71	38	0
71	29	0.0725384429245458
71	23	0.0498457336141868
71	15	0.157665523720503
71	68	0.143656830526729
71	65	0.000115012557079525
71	31	0.127702236967302
71	54	3.8860568757187e-05
71	16	0.0977482663389837
71	37	6.4362387960058e-05
71	32	0.167077215194805
43	45	0.0310322964150725
43	36	0.372675304436441
43	59	0.510870411767726
43	5	0.019836179541953
43	53	0.0601233519491714
43	58	0.226243390389819
43	48	0.000242181033828831
43	13	0.619790510284806
43	34	0.399664068796368
43	9	0.0387657641626048
43	30	0.000115369347079468
43	17	0.451272621908782
43	39	0.031763703714059
43	60	5.35736767423023e-07
43	1	0.0714330366708524
43	66	0.72514748553418
43	27	0.304325889788234
43	71	0.0432994467649965
43	43	
43	67	0.265056292067226
43	4	0.0217254053966361
43	8	2.91849733687896e-05
43	26	0.573555856543491
43	18	0.462548500043758
43	19	0.467336416853138
43	44	0.145012143409298
43	56	0.458252460175424
43	40	4.78325542167807e-05
43	64	0.370612276633785
43	41	0.0947473749729743
43	12	0.129687540316876
43	61	0.468332460894147
43	22	0.561350329215039
43	49	0.0486558958565423
43	42	0.432611510703706
43	35	0.27437244697265
43	46	0.142030883259475
43	20	0.545721097995731
43	51	0.0513973587712576
43	63	0.546685444650686
43	62	0.475725986507583
43	25	0.249230665856184
43	50	0.0291059938915566
43	70	0.164418646452152
43	33	0.0590320211689422
43	6	0.000147389430804325
43	7	0.0259814637936808
43	69	0.0828985155205569
43	10	0.174343674528927
43	47	0.0361583684384376
43	24	0.123457536640455
43	14	1.51552524261794e-05
43	52	0.181032676596447
43	55	5.32799359811716e-05
43	21	0.286975165096733
43	3	0.0400576280347003
43	28	0.033434927768162
43	2	0.000266148704188472
43	57	0.193384193353289
43	11	0.119507926572533
43	38	0.552752398680424
43	29	0.39785459832334
43	23	0.0768335423901204
43	15	0.177063274819884
43	68	0.578685026026467
43	65	0.471810227570267
43	31	0.455324688348206
43	54	0
43	16	0.710137403850187
43	37	0.499040543844602
43	32	0.565212092627451
67	45	6.7599339616015e-05
67	36	0.317571300678546
67	59	0.290717228772886
67	5	0.000170141122444158
67	53	0.0570487913350992
67	58	0
67	48	0.000264147875729651
67	13	0.379615519221716
67	34	0.383114940648552
67	9	0.119718106954555
67	30	6.3874673440777e-05
67	17	0.263123423369971
67	39	0.041600911840643
67	60	2.96612678632842e-07
67	1	0.00010045290625938
67	66	0.372970964749456
67	27	0.215052248798646
67	71	0.133571967026883
67	43	0.265056292067226
67	67	
67	4	0.166033489729564
67	8	0.139874695420698
67	26	0.340505057774137
67	18	0.340177200441213
67	19	0.243950981503928
67	44	2.19921066916559e-05
67	56	0.267236482131373
67	40	0.0160881705809632
67	64	0.216093613747438
67	41	0.00811484639349345
67	12	0.0366539976260034
67	61	0.273062719213434
67	22	0.327373553996978
67	49	0.000644070821664041
67	42	0.220223561648281
67	35	0.681795852512294
67	46	0.0455697954369118
67	20	0.31859317495456
67	51	3.5552801552591e-07
67	63	0.230296146443549
67	62	0.277382449024179
67	25	0.237734071770642
67	50	0.000198064147346459
67	70	0.0650704500694337
67	33	0.167605258824217
67	6	0.0437814237097825
67	7	0.000512415031700442
67	69	0.118379810995051
67	10	0.0762012037417685
67	47	2.4126730468073e-07
67	24	0.224925730570112
67	14	0
67	52	0.00044002933806903
67	55	0.139010260078231
67	21	0.00038933711882602
67	3	0.0236862652632213
67	28	0.00013126389686131
67	2	0.00302813193031578
67	57	0.000152180528834271
67	11	0.000134102230580168
67	38	0.285690116163233
67	29	0.273267443163111
67	23	0.000434743986724707
67	15	0
67	68	0.476704215162595
67	65	0.443213475394705
67	31	0.375879827057822
67	54	0
67	16	0.369674447417927
67	37	0.290975473385328
67	32	0.39405105307862
4	45	1.45300176612392e-05
4	36	0.000211539779362028
4	59	0.0234986496172636
4	5	0.0930109240379262
4	53	0.0473782921162246
4	58	0
4	48	0.000598257331829995
4	13	1.06661677297589e-06
4	34	0.00111890021857271
4	9	0.219349768429691
4	30	0.000121966904422589
4	17	0.0561333867213002
4	39	0.000376298467785624
4	60	1.43886096958511e-06
4	1	0.0613629955781789
4	66	0.06624659273924
4	27	0.102288744478782
4	71	0.108036690584269
4	43	0.0217254053966361
4	67	0.166033489729564
4	4	
4	8	0.0454675296186927
4	26	0.000112527975374353
4	18	0.137410985546454
4	19	0.0714269269296363
4	44	0.00020514424376632
4	56	0.0267120985185676
4	40	0.000182405762338845
4	64	0.109793224208919
4	41	0.00321074944635984
4	12	0.0567927354183796
4	61	0.0354907641194071
4	22	0.000268470993046259
4	49	0.00169527767846496
4	42	0.0243010842603869
4	35	0.10819413518464
4	46	0.000518316365884362
4	20	0.0694460068547815
4	51	0.0623258187354925
4	63	0.00142130454609265
4	62	0.0360385290619618
4	25	0.0126973646966491
4	50	0.000341853283768821
4	70	0.171307164142604
4	33	0.0827256439913777
4	6	0.0945819245730712
4	7	0.0384928925191105
4	69	0.0360093920214691
4	10	0.260241469892457
4	47	0.123230104316914
4	24	0.218165260457692
4	14	1.3567795807091e-05
4	52	0.0367051571641057
4	55	0.074287029077108
4	21	0.0850611377463561
4	3	0.181446916882087
4	28	0.0477628017091705
4	2	0.0275834169384064
4	57	0.000212089898035914
4	11	0.352373316559578
4	38	0.000183965426792328
4	29	0.0600715186341352
4	23	0.0907391432847151
4	15	0.135187283052245
4	68	0.0747964893843828
4	65	0.0334741874696495
4	31	0.066369541962103
4	54	1.94290664689406e-05
4	16	0.0562797217103709
4	37	3.27516788916431e-05
4	32	0.121100810880813
8	45	0.03275114067277
8	36	0.17939086487036
8	59	0.0314692365363144
8	5	0.173232261699772
8	53	0.000832642005619146
8	58	0
8	48	0.128708001310968
8	13	0.0404035524177284
8	34	0.000831280304531537
8	9	0.0116385086543943
8	30	0.017222646118197
8	17	0.0190525886688373
8	39	0.0797494823420566
8	60	0.193309876606157
8	1	0.00687729657016809
8	66	3.20496826687507e-05
8	27	1.27459230774155e-05
8	71	8.63505803204487e-05
8	43	2.91849733687896e-05
8	67	0.139874695420698
8	4	0.0454675296186927
8	8	
8	26	0.0218197838745164
8	18	0.198598500951226
8	19	0.000849545074739543
8	44	0.00977502356286492
8	56	0.00785627396825703
8	40	0.0261833811628906
8	64	0.0923070145055986
8	41	2.76206593526701e-05
8	12	0.00896310804956507
8	61	2.01536304995573e-05
8	22	0.000565398478815292
8	49	0.0109667168193818
8	42	0
8	35	0.00494245275139502
8	46	0.0128748186361025
8	20	0.000775263554807231
8	51	0.0284413201213921
8	63	0.00135376881390916
8	62	2.04724518996901e-05
8	25	0.0581478086859549
8	50	0.0312395236865089
8	70	2.95916997468429e-05
8	33	0.0234044524634006
8	6	0.00352113727812347
8	7	0.00288736313434588
8	69	0.283913676209239
8	10	4.97328613918587e-05
8	47	3.88491796884209e-07
8	24	0.238278747094001
8	14	0.00840556017005326
8	52	0.00811533271556002
8	55	0.223766484273595
8	21	0.00886041521345477
8	3	0.0811519685088353
8	28	0.000631229874306006
8	2	0.0112492760203892
8	57	0.0212926006244939
8	11	0.0685341548830365
8	38	0.000469451469370448
8	29	0.000801602790127191
8	23	0.00950247040818594
8	15	0
8	68	0.252493045925138
8	65	0.228280665132564
8	31	0.225305778136586
8	54	3.86952310046509e-05
8	16	0.0131299115261388
8	37	3.20442745664242e-05
8	32	0.0500430534964065
26	45	0
26	36	0.36884331382374
26	59	0.511205487175137
26	5	0.0385011506137322
26	53	0.0307270125412646
26	58	0.0829293598151116
26	48	0.106909098091656
26	13	0.679023009221807
26	34	0.411968737138634
26	9	0.0365288614509558
26	30	0.125828994728779
26	17	0.471802168893165
26	39	0.0705083250930243
26	60	0.0837245293920536
26	1	0.121413998556578
26	66	0.629750822999713
26	27	0.334054805654856
26	71	0.0840417978748676
26	43	0.573555856543491
26	67	0.340505057774137
26	4	0.000112527975374353
26	8	0.0218197838745164
26	26	
26	18	0.39518794833326
26	19	0.368371980330315
26	44	0.056640510645141
26	56	0.454758547052665
26	40	0.0270992984885374
26	64	0.406031202023301
26	41	0.0216278064082542
26	12	0.0199811561626005
26	61	0.464770373537762
26	22	0.613263499517548
26	49	3.74178386020177e-05
26	42	0.390017867030055
26	35	0.353857906325321
26	46	0.0646772024269733
26	20	0.652502341548302
26	51	0.0266557702810324
26	63	0.410900003380014
26	62	0.644858052539412
26	25	0.338873645209723
26	50	0.000134645371133427
26	70	0.15495257459045
26	33	0.166842127004434
26	6	0.024756756988005
26	7	0.0751152020316045
26	69	0.0389238247708467
26	10	0.0464663295648276
26	47	4.15882856083325e-05
26	24	0.0706592813038064
26	14	2.85614963661261e-05
26	52	0.0234180444794523
26	55	0.0235200461950735
26	21	0.14914044399569
26	3	0.0260997131561257
26	28	0.031505630559556
26	2	0.000226292166742682
26	57	0.0673966355043216
26	11	0.02707777203297
26	38	0.462778365056152
26	29	0.394779152255712
26	23	0.026292358636244
26	15	0.0831368242533023
26	68	0.544539254059014
26	65	0.446212783537391
26	31	0.448071668664786
26	54	0
26	16	0.597468029999016
26	37	0.495228821734627
26	32	0.482929353404981
18	45	5.09127327958797e-05
18	36	0.478243189467637
18	59	0.407760057732208
18	5	0.0165428464939492
18	53	0.0271947305533184
18	58	0.188680974054185
18	48	0.000201972545061054
18	13	0.527220201074319
18	34	0.333309210337713
18	9	0.093984105454325
18	30	0.0134452622767851
18	17	0.37634937188232
18	39	0.0119008715342068
18	60	4.46790224191076e-07
18	1	0.0537297289869399
18	66	0.507885966902864
18	27	0.25378339869972
18	71	0.0361105877062321
18	43	0.462548500043758
18	67	0.340177200441213
18	4	0.137410985546454
18	8	0.198598500951226
18	26	0.39518794833326
18	18	
18	19	0.359527938135719
18	44	0.109595369358274
18	56	0.382158098159406
18	40	3.98910788313926e-05
18	64	0.315258588536834
18	41	0.0790167923499364
18	12	0.140051482321133
18	61	0.390564276219712
18	22	0.468151253919228
18	49	0.00910167163844338
18	42	0.331871120644876
18	35	0.228812348243235
18	46	0.129201864984846
18	20	0.455102272445189
18	51	0.0611145563331927
18	63	0.455921129983997
18	62	0.396742827989277
18	25	0.207606142691105
18	50	0.000132145051419016
18	70	0.0121010203169706
18	33	0.0492013874155304
18	6	0.000122918867691718
18	7	0.0216678502187344
18	69	0.247322829233998
18	10	0.290752354770646
18	47	0.229551701076287
18	24	0.243314505803622
18	14	0.00786316216037458
18	52	0.158988703635046
18	55	0.209359760806162
18	21	0.414071856371617
18	3	0.202723292714798
18	28	0.0278838410609852
18	2	0.00791453774967226
18	57	0.168777234266051
18	11	0.314378436917342
18	38	0.453775966320041
18	29	0.331800160058787
18	23	0.324274156589552
18	15	0.147644524144512
18	68	0.600487056826471
18	65	0.585655228940172
18	31	0.490567825060758
18	54	0
18	16	0.532238601129462
18	37	0.416186549109313
18	32	0.471371861959822
19	45	0.0840317835425128
19	36	0.290946327238611
19	59	0.399219599654461
19	5	0.0961310100829752
19	53	0.0657540061656868
19	58	0.178653231576768
19	48	0.000589428512547678
19	13	0.481749866371945
19	34	0.324517308955015
19	9	0.0301314527304916
19	30	1.46247858770337e-05
19	17	0.399448222490597
19	39	0.207379497988318
19	60	0
19	1	0.050182601691463
19	66	0.473297126164651
19	27	0.415936407531056
