58	58	
58	35	0.0818998219671146
58	57	0.0198429069828065
58	7	0.376429674061128
58	48	0.0161677005673957
58	4	0.0894700781524799
58	38	0.297422776109767
58	39	0.460095507044381
58	17	0.389586039971268
58	52	0.00011739721863443
58	3	0.151559199743753
58	2	0.108630306540133
58	54	0.111942669876723
58	40	0.000730592899242907
58	46	4.20942038868381e-07
58	22	0.187366690011596
58	32	0.150660571493579
58	56	0.118822259921761
58	42	0.038991674697011
58	28	0.134631388887016
58	61	0.237935324503754
58	18	0.269524087300259
58	16	0.102474030571705
58	59	0.13633016482955
58	14	0.0428275006119185
58	25	0.0550605053220362
58	41	0.000882130800980021
58	8	0.236693511687986
58	9	0.22083673205735
58	1	0.00150100353313379
58	47	0.0993580930041746
58	53	0.378507758319281
58	24	0.341580805163641
58	55	0.511688581035686
58	12	0.0821974961722196
58	19	0.0093845296027037
58	60	0.331025591252772
58	11	0.0246796183408339
58	33	0.141427392177493
58	5	0.0837995043865114
58	26	6.50462212319974e-05
58	51	0.224174914941892
58	43	0.0594051952626323
58	15	0.0712273062182358
58	63	0.314192405546143
58	10	0.226901100268821
58	20	7.18680985852452e-05
58	21	0.266059644560541
58	64	0.0941764524992017
58	62	0.356743799256925
58	65	0.347982961176173
58	30	0.00045035993254382
58	34	0.245440468707131
58	23	0.329358517244932
58	27	0.0562800118891394
58	13	0.0844893954494021
58	50	0.185960334349148
58	6	0.289140764801357
58	37	0.00504268039038874
58	45	0.346628705397691
58	49	0.0966147675297532
58	44	0.312620690587684
58	31	0.306683989546683
58	29	0.0134581270548312
58	36	0.123417684086653
35	58	0.0818998219671146
35	35	
35	57	0.0577482246325852
35	7	0.175174873124414
35	48	0.0423456714157208
35	4	0.256162055021452
35	38	0.0493350528059914
35	39	0.0561007526394178
35	17	0.0442685456631935
35	52	0.0740551753891663
35	3	0.0198400509792214
35	2	0.169081206674973
35	54	0.129693156490204
35	40	0.0495703861042782
35	46	0.278970508155971
35	22	0.129477643340149
35	32	0.198146591567829
35	56	0.0524846277988161
35	42	0.0672401909712012
35	28	0.119042282211824
35	61	0.223940168386785
35	18	0.00118249892600938
35	16	0.0649649075323777
35	59	0.0123828803690205
35	14	0.0338783407034069
35	25	0.0534615178108062
35	41	0.0731946003067405
35	8	0.106483798962728
35	9	0.204130387685002
35	1	6.02504308689857e-05
35	47	0.018001566294052
35	53	0.160979769548072
35	24	0.162708670203874
35	55	0.0783009999243343
35	12	0.0511764412575796
35	19	0.042047497947609
35	60	0.122516326743863
35	11	0.101564140752526
35	33	0.0409059553331224
35	5	0.0636516832412249
35	26	0.13830545382861
35	51	0.118711322064992
35	43	0.0300828112183787
35	15	0.0759048543398018
35	63	0.0728597129466303
35	10	0.0679702660903111
35	20	0.148163132374296
35	21	0.14456513452078
35	64	0.18395393734178
35	62	0.177558656716966
35	65	0.208751933745141
35	30	0.00531194100109088
35	34	0.00570211703964777
35	23	0.173360990620493
35	27	0.0255768094861866
35	13	0.0123019286693672
35	50	0.0448743506460192
35	6	0.286006942575788
35	37	0.0909632963682879
35	45	0.17140084898413
35	49	0.185652471995646
35	44	0.121655495059434
35	31	0.0182798642653535
35	29	0.0292423989897932
35	36	0.000445864510123618
57	58	0.0198429069828065
57	35	0.0577482246325852
57	57	
57	7	0.064570828219505
57	48	0.0303094197077273
57	4	1.46341419633973e-06
57	38	0.0497216434386922
57	39	1.13640919515332e-06
57	17	1.13452855689828e-06
57	52	0.0613400816171009
57	3	0.0193224913339108
57	2	0.000250951937766302
57	54	0.0110269955441448
57	40	0.0641589483485471
57	46	0.000575455972912607
57	22	0.049708618064218
57	32	0.0411456079063298
57	56	0.0181462152301004
57	42	0.0602396023190173
57	28	0.0765972550301352
57	61	1.24936802949324e-06
57	18	0.000339353360720137
57	16	0.0515959572728225
57	59	0.000403994694577744
57	14	0.0246634505629627
57	25	0.0697093369538286
57	41	0.0799960405766085
57	8	0.0228950213287839
57	9	0.0517996038316909
57	1	8.13943276904212e-07
57	47	0.000585679569759361
57	53	0.0366988525264172
57	24	7.85628590165524e-07
57	55	0.0382664452505066
57	12	0.0297852463764198
57	19	0.0654513183249676
57	60	0
57	11	0.0470820523128757
57	33	0.0145563713225518
57	5	0.0568265266714995
57	26	0.0588711065816383
57	51	0.043217622355835
57	43	0.0403172322889415
57	15	0.072742857012102
57	63	0.0400695684678248
57	10	0.0567612880648497
57	20	1.08704395724896e-06
57	21	0.0668792487989855
57	64	0.148371834209459
57	62	0.000323586658176951
57	65	0.0634227838996002
57	30	0.144115259971218
57	34	0.0189249074558299
57	23	0.046231871435222
57	27	0
57	13	0.0821970094816822
57	50	0.184098062261166
57	6	0.0358884966431049
57	37	0.0632323210256232
57	45	0.0127600759100643
57	49	0.0536749658900165
57	44	0.0432631586247735
57	31	0.0441497987141703
57	29	0.147849950417957
57	36	1.0236122896717e-06
7	58	0.376429674061128
7	35	0.175174873124414
7	57	0.064570828219505
7	7	
7	48	0
7	4	0.249354869442929
7	38	0.193110482065925
7	39	0.311214981242299
7	17	0.279422960619015
7	52	0.000154473763879732
7	3	0.290558532058437
7	2	0.251001338841091
7	54	0.205163724515025
7	40	0.0518800208376519
7	46	0.0567109054972261
7	22	0.347064509396134
7	32	0.279380143495187
7	56	0.0869955850995596
7	42	0.0974215414686812
7	28	0.123302127624016
7	61	0.500952386910728
7	18	0.230385862170487
7	16	0.242560805599084
7	59	0.261169186199031
7	14	0.132648659647654
7	25	0.000241845517550729
7	41	0.000475615979702723
7	8	0.40383908065201
7	9	0.39683208164543
7	1	0.000169979228964343
7	47	0.219302214322034
7	53	0.628746070347146
7	24	0.638731298930419
7	55	0.255214912553421
7	12	0.0760313774023004
7	19	0.0598957247225355
7	60	0.493387735068719
7	11	0.080451810946512
7	33	0.318088327385598
7	5	0.136689134818353
7	26	0.0354982854064269
7	51	0.0739057879850293
7	43	0.13143679595214
7	15	0.198953568041548
7	63	0.167062638210087
7	10	0.220131110203712
7	20	0
7	21	0.0464923804105573
7	64	0.173849576476214
7	62	0.611518094332436
7	65	0.61806541471455
7	30	0.000391366565245744
7	34	0.0434753158742572
7	23	0.501196026498443
7	27	0.173670798079662
7	13	0.207715641886865
7	50	0.0899254431966982
7	6	0.561527845144727
7	37	0.0409207743752613
7	45	0.494229819395355
7	49	0.0956919154697555
7	44	0.436462816405393
7	31	0.223937930654846
7	29	0.0870195561707468
7	36	0.101682471832061
48	58	0.0161677005673957
48	35	0.0423456714157208
48	57	0.0303094197077273
48	7	0
48	48	
48	4	0.000263683116055914
48	38	0.0757082730698994
48	39	0.000125595751746549
48	17	0.000267545812842741
48	52	0.000245811856986269
48	3	6.94233859752843e-05
48	2	0.0465035976147398
48	54	0.00011802164276556
48	40	0.0976632624069845
48	46	6.4297579682973e-07
48	22	0
48	32	0.0110408270557701
48	56	0.000139761785673198
48	42	7.6170571975955e-05
48	28	0.060504622990295
48	61	0.000182321621840057
48	18	0.0688041935505071
48	16	0.0715245347730454
48	59	0.0746800001202044
48	14	0.0199646937625302
48	25	7.74058731928903e-07
48	41	7.5305794822531e-05
48	8	0.18388319486651
48	9	0.0305566116923191
48	1	4.56142096692322e-05
48	47	0
48	53	0.0558749840988534
48	24	7.58082596817364e-05
48	55	3.50815844005394e-07
48	12	0.000183504002664481
48	19	0.139940935704063
48	60	0.000112865068755345
48	11	0.0126853522448811
48	33	0.0312670382267787
48	5	0.132973807049625
48	26	0.000143753004196935
48	51	1.98662303040473e-05
48	43	1.96678939651756e-05
48	15	0.29590755774074
48	63	0.000139812587163142
48	10	7.17723824784718e-05
48	20	0.0728850734865313
48	21	0.000219347729938451
48	64	0.040459320265635
48	62	0.0600133154122342
48	65	0.000123900956113036
48	30	0.000375582689405177
48	34	0.000135500383894488
48	23	0.00732989171945574
48	27	0.30926024955198
48	13	0.161952493513882
48	50	0.0493676227050693
48	6	7.71367142911558e-05
48	37	0.000289985539370924
48	45	0.0515466891596294
48	49	0.233229342573342
48	44	0.0350056974646974
48	31	0.000213396128871092
48	29	0.182755441414056
48	36	0.0686527555539579
4	58	0.0894700781524799
4	35	0.256162055021452
4	57	1.46341419633973e-06
4	7	0.249354869442929
4	48	0.000263683116055914
4	4	
4	38	0.143148087443415
4	39	0.309517721957676
4	17	0.105995886574061
4	52	0.146541087644819
4	3	0.330197771417306
4	2	0.307913564288717
4	54	0.0236977655045652
4	40	0.0487508187771636
4	46	0.706074243888725
4	22	0
4	32	0.352873943244929
4	56	0.0522777695751951
4	42	0.045772725573818
4	28	0.362899814394112
4	61	0.172683237558185
4	18	0.1311873536612
4	16	0.207080730194473
4	59	0.245417371545375
4	14	0
4	25	7.73654011290863e-07
4	41	0.0698390949421574
4	8	0.0370780261468131
4	9	0.355100106311914
4	1	3.28171886687623e-07
4	47	0.260462479893652
4	53	0.161503444154864
4	24	0.172782283889697
4	55	0.0405422755301204
4	12	0
4	19	0.0563593464397777
4	60	0.117193022334667
4	11	0.267513336335138
4	33	0.174021353460176
4	5	0.19965995017265
4	26	0.352938319751074
4	51	0.0328386691128941
4	43	0.0906724762311379
4	15	0.122264540845129
4	63	0.0894240285020218
4	10	0.163418343909093
4	20	0.388396297385881
4	21	0.418684198682408
4	64	0.114557860428501
4	62	0.113540846107958
4	65	0.0496889971751153
4	30	0.000325682846521983
4	34	4.89190094178888e-07
4	23	0.040645669257732
4	27	0.077274637805093
4	13	0.125180870859373
4	50	0.0599281416941673
4	6	0.408903721810566
4	37	0.22106475087287
4	45	0.0322669473526911
4	49	0.382650020311469
4	44	6.28719429418653e-05
4	31	0.149120634417123
4	29	4.89577867607615e-07
4	36	0.0955413199490437
38	58	0.297422776109767
38	35	0.0493350528059914
38	57	0.0497216434386922
38	7	0.193110482065925
38	48	0.0757082730698994
38	4	0.143148087443415
38	38	
38	39	0.464131419854176
38	17	0.411808342001426
38	52	0.0147127846202914
38	3	0.17934981089989
38	2	0.0181989950029429
38	54	0.000828799369495908
38	40	0.119783086846927
38	46	0.0411489270051145
38	22	0.0309509399551528
38	32	0.0476714676846875
38	56	0.322757901846719
38	42	0.108254163102443
38	28	0.137416007995021
38	61	0.0659330701020372
38	18	0.366591370854905
38	16	0.13966791582295
38	59	0.218343443090529
38	14	0.0316827384417155
38	25	0.000351555048298209
38	41	0.0370983086738953
38	8	0.0579628736385762
38	9	0.0245661554912186
38	1	3.52028597898297e-05
38	47	0.159121811023753
38	53	0.126576702903805
38	24	0.133497625837599
38	55	0.438133076350386
38	12	0.000899811050096785
38	19	3.66655567830579e-05
38	60	0.0908634615615201
38	11	0.0199883018731302
38	33	0.206680048205188
38	5	0.103913541597814
38	26	0.0274668151489192
38	51	0.298835477689719
38	43	0.107954413272279
38	15	0.119567091583968
38	63	0.297239784055212
38	10	0.19535684136632
38	20	0.0281104039526168
38	21	0.279387688331312
38	64	0.0312452921282691
38	62	0.0877097044509813
38	65	0.0203866308484944
38	30	0.000622634229325691
38	34	0.320884623119154
38	23	0.0436308511676288
38	27	0
38	13	0.149688493918141
38	50	0.199878177011263
38	6	0.0224674095237751
38	37	0.0356846283012836
38	45	0.0163838060237614
38	49	0.0446093478956736
38	44	3.01308605979441e-05
38	31	0.358217281928502
38	29	0.128199742505258
38	36	0.100203502322529
39	58	0.460095507044381
39	35	0.0561007526394178
39	57	1.13640919515332e-06
39	7	0.311214981242299
39	48	0.000125595751746549
39	4	0.309517721957676
39	38	0.464131419854176
39	39	
39	17	0.54459520620066
39	52	0.0602113563787708
39	3	0.371637122894608
39	2	0.0714179997758603
39	54	0.00118301576187497
39	40	0.0386604529895939
39	46	0.122092472888172
39	22	0
39	32	0.122535025507709
39	56	0.193148686893749
39	42	0.035544650557183
39	28	0.134144616351539
39	61	0.138371880069609
39	18	0.387575196186452
39	16	0.278165946577138
39	59	0.35220085081817
39	14	0.0467344034899499
39	25	0.000177077444176425
39	41	0.0669141957771981
39	8	0.0610894094669734
39	9	0.0267834290043259
39	1	2.54840735148951e-07
39	47	0.27781866426721
39	53	0.222027004565154
39	24	0.227576765844282
39	55	0.441768156677424
39	12	0.0590501160494998
39	19	2.98887867854143e-05
39	60	0.21835770271811
39	11	0.000325532759109245
39	33	0.270769811151962
39	5	0.254740617910703
39	26	0.000216155807883421
39	51	0.314663064912476
39	43	0.141016917812583
39	15	0.164871425561731
39	63	0.420829022622088
39	10	0.220548918629264
39	20	3.82604159006911e-05
39	21	0.315269932994825
39	64	0.0889746404088227
39	62	0.155673028052113
39	65	0.0206686188852371
39	30	0.000705311843593162
39	34	0.290880198878688
39	23	0.0632542601131099
39	27	0.0667216608685824
39	13	0.197469619835579
39	50	0.265829586634359
39	6	0.090120056403182
39	37	0.0154949303375013
39	45	0.0430878186499585
39	49	0.0825164257376933
39	44	0.06035919175009
39	31	0.440881891137318
39	29	0.00789874893468666
39	36	0.216005045410413
17	58	0.389586039971268
17	35	0.0442685456631935
17	57	1.13452855689828e-06
17	7	0.279422960619015
17	48	0.000267545812842741
17	4	0.105995886574061
17	38	0.411808342001426
17	39	0.54459520620066
17	17	
17	52	0.0385132127752731
17	3	0.180526137807219
17	2	0.0341770466849308
17	54	0.00124863031824912
17	40	6.28613050284509e-05
17	46	4.98213694545176e-07
17	22	0.093226277151057
17	32	0.111239369046426
17	56	0.173377622870171
17	42	0.259364869183445
17	28	0.146591570172433
17	61	0.167748165946669
17	18	0.46531072131167
17	16	0.251076511387445
17	59	0.161338585905608
17	14	0.128354167149081
17	25	0.000529153630426905
17	41	0.000793350738492067
17	8	0.0905547054577624
17	9	0.119134083993502
17	1	0.0422302868879731
17	47	0.11759709895369
17	53	0.162007433198806
17	24	0.282788041254437
17	55	0.441037076623824
17	12	0.0561726181162637
17	19	9.54392892725432e-05
17	60	0.215920256295824
17	11	0.0397556595707691
17	33	0.3872547922285
17	5	0.100740215947074
17	26	0.000655578459746392
17	51	0.288668384010539
17	43	0.14644372496571
17	15	0.195241474979255
17	63	0.518296906872118
17	10	0.160895049532386
17	20	0.0282991796099252
17	21	0.314255224647816
17	64	0.000566137260475621
17	62	0.0906618690990916
17	65	0.0169282774964587
17	30	0.00113013296070947
17	34	0.353847027925257
17	23	0.0319908215479986
17	27	0.0666112435044813
17	13	0.177382435315649
17	50	0.219419999112104
17	6	0.0475064938864942
17	37	0.0307623680315167
17	45	0.0184445068750116
17	49	0.0250055988506658
17	44	0.076126782182255
17	31	0.542716820699327
17	29	0.0642861168222954
17	36	0.191479703126988
52	58	0.00011739721863443
52	35	0.0740551753891663
52	57	0.0613400816171009
52	7	0.000154473763879732
52	48	0.000245811856986269
52	4	0.146541087644819
52	38	0.0147127846202914
52	39	0.0602113563787708
52	17	0.0385132127752731
52	52	
52	3	0.0584516185109709
52	2	0.0369204814763722
52	54	8.71475176918147e-05
52	40	0.000111768166360858
52	46	0.0843458759782386
52	22	0.040521420813781
52	32	0.0348744276496398
52	56	0.00012248698326939
52	42	7.69619087461346e-05
52	28	0.0626872469618429
52	61	0.132354628114625
52	18	0.075918555182898
52	16	0.123436983663153
52	59	2.37146065273301e-05
52	14	0.000185165138693289
52	25	0.0324282765020835
52	41	0.0708089044931331
52	8	0.000112851624265289
52	9	0.000252538640144145
52	1	0.0277180268140919
52	47	0
52	53	3.78755851530698e-05
52	24	7.65958323861716e-05
52	55	0.0409848987697811
52	12	0.0647314407829231
52	19	8.6226522001368e-05
52	60	5.70188124943917e-05
52	11	0.000297923018515282
52	33	0.000146152242660454
52	5	0.118985586038417
52	26	0.000198368985698496
52	51	0.000117496785283286
52	43	0.0658478447269088
52	15	0.0654671609607102
52	63	9.77571366318249e-05
52	10	7.25180264176632e-05
52	20	0.000110916739174352
52	21	0.000337888469092013
52	64	0.0954382063754955
52	62	0.000139650967119223
52	65	0.0251730759846672
52	30	0.000214970834589832
52	34	0.0523734987092618
52	23	3.82840191663445e-05
52	27	0
52	13	0.0669087305318932
52	50	0.0221542079775308
52	6	0.0744524763904122
52	37	0.0649368643683422
52	45	0.0326318213719481
52	49	0.0750575165587693
52	44	7.10849590753792e-05
52	31	0.122384149336224
52	29	4.94922869559113e-07
52	36	0.000226895952373291
3	58	0.151559199743753
3	35	0.0198400509792214
3	57	0.0193224913339108
3	7	0.290558532058437
3	48	6.94233859752843e-05
3	4	0.330197771417306
3	38	0.17934981089989
3	39	0.371637122894608
3	17	0.180526137807219
3	52	0.0584516185109709
3	3	
3	2	0.00786396569020635
3	54	0.0284843569555274
3	40	0.000105134348615621
3	46	0.0173736580837338
3	22	0
3	32	0.12288785723121
3	56	0.0658319995283693
3	42	6.44455000651416e-05
3	28	0.116214004573842
3	61	0.0369222236672627
3	18	0.18534513504585
3	16	0.255701847508416
3	59	0.352345607559218
3	14	0.0140990652685459
3	25	0.020931110379166
3	41	0.0149318543335853
3	8	0.000939516309454032
3	9	0.0365876667118454
3	1	3.85927330720038e-05
3	47	0.256809419595663
3	53	0.179549676732127
3	24	0.270335652902625
3	55	0.0343194749112873
3	12	0.0213720185926903
3	19	0.0567375200044954
3	60	0.198722864376361
3	11	0.000671509305878298
3	33	0.3046342666728
3	5	0.256330271289764
3	26	0.0109592644196772
3	51	0.0277982887246361
3	43	0.156176886822382
3	15	0.162808801358642
3	63	0.151307849127944
3	10	0.204478786372196
3	20	7.87496856304344e-05
3	21	0.0458470009407533
3	64	0.000269688109496663
3	62	0.166902562636332
3	65	0.0420593421322723
3	30	0.0141271355553696
3	34	0.0136359805036149
3	23	0.0690964317347256
3	27	0.0707668836412757
3	13	0.156501345321676
3	50	0.102004692219496
3	6	0.0246416567270639
3	37	0.0130684068089378
3	45	0.000502318116926013
3	49	0.027561148376464
3	44	5.0469552403979e-05
3	31	0.21054685724941
3	29	0.0447482280523766
3	36	0.161658469949245
2	58	0.108630306540133
2	35	0.169081206674973
2	57	0.000250951937766302
2	7	0.251001338841091
2	48	0.0465035976147398
2	4	0.307913564288717
2	38	0.0181989950029429
2	39	0.0714179997758603
2	17	0.0341770466849308
2	52	0.0369204814763722
2	3	0.00786396569020635
2	2	
2	54	0.0807026122463354
2	40	0.0231964127513658
2	46	0.395206761760541
2	22	0.155510418457887
2	32	0.213551970919647
2	56	0.0132947251049287
2	42	0.062520404052853
2	28	0.153890465960022
2	61	0.204133787996197
2	18	0.0300057442356163
2	16	0.115684156280393
2	59	0.038532111095591
2	14	0.00765778056344316
2	25	0.000620321491650974
2	41	0.0336303118144669
2	8	0.143151777758149
2	9	0.270227196591578
2	1	0.0260032653154565
2	47	0.0260571720804996
2	53	0.215714662684944
2	24	0.211519651039143
2	55	0.0985538891377354
2	12	0.000214855960562523
2	19	1.21432155214068e-05
2	60	0.142431822225576
2	11	0.160517642703743
2	33	0.000598586130381745
2	5	0.0344031071445699
2	26	0.199171549215388
2	51	0.0312866924203472
2	43	0.000227348138777469
2	15	0.0462165797230456
2	63	0.062213469989368
2	10	0.0206307192718182
2	20	0.201725589276554
2	21	0.213398598135053
2	64	0.122735524899737
2	62	0.203348011728047
2	65	0.271742819116325
2	30	0.0187940354696874
2	34	0.000136738475713977
2	23	0.197935892846962
2	27	0.073407159731087
2	13	0.047201875536167
2	50	0.0124809345256697
2	6	0.402531594568331
2	37	0.112221570191583
2	45	0.225350375713527
2	49	0.181768398868282
2	44	0.167609269472291
2	31	0.0319361164401525
2	29	0.000290514289656358
2	36	0.0306000477555136
54	58	0.111942669876723
54	35	0.129693156490204
54	57	0.0110269955441448
54	7	0.205163724515025
54	48	0.00011802164276556
54	4	0.0236977655045652
54	38	0.000828799369495908
54	39	0.00118301576187497
54	17	0.00124863031824912
54	52	8.71475176918147e-05
54	3	0.0284843569555274
54	2	0.0807026122463354
54	54	
54	40	0.00102410664247321
54	46	0.000820431245611564
54	22	0.158146269430622
54	32	0.0956927588984898
54	56	0.0527260809922607
54	42	3.67731635060606e-05
54	28	0.000887055630113512
54	61	0.22215746066654
54	18	0.000352324353715542
54	16	0.0092076490849645
54	59	1.22003563017617e-05
54	14	0.00174962027872137
54	25	0.0560347353807374
54	41	0.00960769444813308
54	8	0.129051090277354
54	9	0.125949068153636
54	1	2.23383809425466e-05
54	47	0
54	53	0.257972808071284
54	24	0.194210196701946
54	55	0.100224684207849
54	12	0.0124508531982028
54	19	0.113337118194572
54	60	0.145741096526448
54	11	0.00058594814227872
54	33	0.0074493506687828
54	5	0.00100898235655833
54	26	0.0223404626554587
54	51	9.59089732778165e-06
54	43	0.114182316810145
54	15	0.00624685822773859
54	63	4.70824996050704e-05
54	10	0.000619824638869842
54	20	0.0636843913064859
54	21	0.00800671755957626
54	64	0.21279038445084
54	62	0.30727980658671
54	65	0.280579627157879
54	30	0.0573352141329482
54	34	0.00792010165283492
54	23	0.293520361221415
54	27	0.0746513871937973
54	13	0.000392839227843264
54	50	0.125516952549969
54	6	0.225820944107695
54	37	0.00866783090419307
54	45	0.27429382360745
54	49	9.45649807363088e-05
54	44	0.160611993674615
54	31	0.0634603817266816
54	29	0.00827793806298227
54	36	0.000533581709823645
40	58	0.000730592899242907
40	35	0.0495703861042782
40	57	0.0641589483485471
40	7	0.0518800208376519
40	48	0.0976632624069845
40	4	0.0487508187771636
40	38	0.119783086846927
40	39	0.0386604529895939
40	17	6.28613050284509e-05
40	52	0.000111768166360858
40	3	0.000105134348615621
40	2	0.0231964127513658
40	54	0.00102410664247321
40	40	
40	46	0.10624216183489
40	22	0
40	32	0.000540328432958215
40	56	0.0287254630589934
40	42	0.09408310482796
40	28	0.0496609665979138
40	61	6.92242644023729e-05
40	18	0.0349278453197313
40	16	0.000233019739645303
40	59	0.0744029976581432
40	14	0.0794506133792111
40	25	5.65305645779936e-05
40	41	0.0916854396703026
40	8	0.0584456003665992
40	9	0.000145790122056332
40	1	4.50985004248948e-05
40	47	0.0541910367120458
40	53	0.0850551726889877
40	24	9.83242066721014e-05
40	55	0.0307448257088464
40	12	0.164610904730136
40	19	0.0101766607207571
40	60	0
40	11	0.0146946084668104
40	33	0.000774868198497349
40	5	0.00550149108324354
40	26	0.0349766853573407
40	51	0.0674632870977368
40	43	0.00396827462437237
40	15	0.0681361113283048
40	63	8.13098829816722e-05
40	10	0.113773730839509
40	20	0.0363370514208411
40	21	0.00578295599205595
40	64	0.0400223960225278
40	62	0.0299071581724144
40	65	0.0263346261897565
40	30	0.00043536375558768
40	34	0.0183497002065598
40	23	0.0171552398057859
40	27	0
40	13	0.0679913356306683
40	50	0.0214579392013306
40	6	0.0286119873084961
40	37	0.0216041601486449
40	45	0.0230319100504176
40	49	0.0575708935543424
40	44	7.96496432959938e-05
40	31	0.000752562507080462
40	29	0.123865868065459
40	36	0.0342071577178898
46	58	4.20942038868381e-07
46	35	0.278970508155971
46	57	0.000575455972912607
46	7	0.0567109054972261
46	48	6.4297579682973e-07
46	4	0.706074243888725
46	38	0.0411489270051145
46	39	0.122092472888172
46	17	4.98213694545176e-07
46	52	0.0843458759782386
46	3	0.0173736580837338
46	2	0.395206761760541
46	54	0.000820431245611564
46	40	0.10624216183489
46	46	
46	22	0.0013899257953894
46	32	0.294532887065096
46	56	0.0150305101767766
46	42	0.0498539724236564
46	28	0.352477919558307
46	61	0.142462169876124
46	18	0.000297222124363538
46	16	0.161315534701282
46	59	0.0883397217016612
46	14	0.103467156143668
46	25	0.00114403579894131
46	41	0.076488054565467
46	8	0.0402757980475186
46	9	0.353593241832941
46	1	3.57432772115767e-07
46	47	0.0597515023968411
46	53	0.0303717739061875
46	24	0.0119836498046834
46	55	3.818959584425e-07
46	12	0.139083875367168
46	19	1.42923810461596e-05
46	60	0
46	11	0.302306142209305
46	33	0.0011280990768123
46	5	0.078160282923515
46	26	0.384310801397341
46	51	0.0357666729227993
46	43	3.13148301158284e-05
46	15	0.0702071429786519
46	63	0.000318801127812571
46	10	0.0469753381659177
46	20	0.42295562532445
46	21	0.472553817403263
46	64	0.125364006208646
46	62	0.000283804293073649
46	65	0.0104716663888088
46	30	0.000780533088480314
46	34	5.32807892896598e-07
46	23	0.00101046802020722
46	27	0
46	13	0.0360000351889391
46	50	0.0508671101887058
46	6	0.414315518819108
46	37	0.248531800903053
46	45	0.0358685293283708
46	49	0.44805571287241
46	44	2.27415474136491e-05
46	31	4.67592586660877e-07
46	29	2.00853911078146e-05
46	36	1.6931726376399e-05
22	58	0.187366690011596
22	35	0.129477643340149
22	57	0.049708618064218
22	7	0.347064509396134
22	48	0
22	4	0
22	38	0.0309509399551528
22	39	0
22	17	0.093226277151057
22	52	0.040521420813781
22	3	0
22	2	0.155510418457887
22	54	0.158146269430622
22	40	0
22	46	0.0013899257953894
22	22	
22	32	0.620717368745159
22	56	0.523631241324539
22	42	0.475634604912457
22	28	0.0395246980651281
22	61	0.368191766627311
22	18	0.17008329836356
22	16	0.0778681179690582
22	59	0
22	14	0.0326357236441024
22	25	0.207671034517224
22	41	0
22	8	0.246480485578759
22	9	0.202534468012761
22	1	0.667145156248119
22	47	0
22	53	0.667864280850737
22	24	0.580754855532993
22	55	0.256326160245443
22	12	0
22	19	0.359313329613039
22	60	0.41653987162952
22	11	0.0220303440417346
22	33	0.0774892713204055
22	5	0.037538849073836
22	26	0.289070088715471
22	51	0.402525737369077
22	43	0.0532686261616625
22	15	0.0527962697852141
22	63	0
22	10	0.0353338108678906
22	20	0.396211170350227
22	21	0
22	64	0.144480925550944
22	62	0.390224026254363
22	65	0.455479804888904
22	30	0.000451299998192916
22	34	0.0332331934638306
22	23	0.411237067963314
22	27	0
22	13	0.0270661361021238
22	50	0
22	6	0.335466980386474
22	37	0.0309723213541266
22	45	0.361998657470485
22	49	0
22	44	0.272350413974852
22	31	0.39909768977646
22	29	0.0332595369027726
22	36	0.419499736841543
32	58	0.150660571493579
32	35	0.198146591567829
32	57	0.0411456079063298
32	7	0.279380143495187
32	48	0.0110408270557701
32	4	0.352873943244929
32	38	0.0476714676846875
32	39	0.122535025507709
32	17	0.111239369046426
32	52	0.0348744276496398
32	3	0.12288785723121
32	2	0.213551970919647
32	54	0.0956927588984898
32	40	0.000540328432958215
32	46	0.294532887065096
32	22	0.620717368745159
32	32	
32	56	0.576220451775428
32	42	0.460426450752713
32	28	0.169061719583871
32	61	0.242561017542926
32	18	0.053628081601141
32	16	0.125358952012705
32	59	0.0937528726614738
32	14	0.00928794649840161
32	25	0.0474596301198361
32	41	0.031824456416883
32	8	0.127227675008154
32	9	0.271147301940842
32	1	0.627690070201775
32	47	0.0684220532160009
32	53	0.561139632907939
32	24	0.510890990265762
32	55	0.0933043967063465
32	12	0.000384004392552435
32	19	0.364125874270102
32	60	0.331705374049914
32	11	0.137546545189185
32	33	0.079050700629261
32	5	0.0900724196878338
32	26	0.476131543261434
32	51	0.378716584224347
32	43	0.040911307380693
32	15	0.0622686398302425
32	63	0.0403352313964794
32	10	0.0543928503015297
32	20	0.566747632023451
32	21	0.188764277181856
32	64	0.123228312414284
32	62	0.265385681496233
32	65	0.261210944529085
32	30	0.000704097867336593
32	34	0.000253132839729105
32	23	0.262462934047068
32	27	0.0347483802526342
32	13	0.0416026182397873
32	50	0.0271918861495188
32	6	0.355286037774817
32	37	0.0918021659335636
32	45	0.218243882709625
32	49	0.178543408570962
32	44	0.165213647816191
32	31	0.403178891002113
32	29	0.0277079148707313
32	36	0.438088022447129
56	58	0.118822259921761
56	35	0.0524846277988161
56	57	0.0181462152301004
56	7	0.0869955850995596
56	48	0.000139761785673198
56	4	0.0522777695751951
56	38	0.322757901846719
56	39	0.193148686893749
56	17	0.173377622870171
56	52	0.00012248698326939
56	3	0.0658319995283693
56	2	0.0132947251049287
56	54	0.0527260809922607
56	40	0.0287254630589934
56	46	0.0150305101767766
56	22	0.523631241324539
56	32	0.576220451775428
56	56	
56	42	0.603664553421038
56	28	0.0419712627147454
56	61	0.0619704339561184
56	18	0.144893165376577
56	16	0.0679786178007629
56	59	0.267051962896238
56	14	0.0243992714194747
56	25	0.0296140255703609
56	41	0.0168675362321509
56	8	0.0330831628702859
56	9	0.0189360244548618
56	1	0.670808240237418
56	47	0.0580698302596244
56	53	0.392915914331585
56	24	0.379887294968448
56	55	0.17056875527799
56	12	0.0219653244279482
56	19	0.354502276091805
56	60	0.0656955065741939
56	11	0.00756822820897822
56	33	0.0778341127498401
56	5	0.0431301377424908
56	26	0.471953979566594
56	51	0.528733377684239
56	43	0.13310942609925
56	15	0.0528980109551537
56	63	0.122012639623406
56	10	0.0715060601819768
56	20	0.501742589238183
56	21	0.114608769309263
56	64	0.0178238938018701
56	62	0.0466867984188857
56	65	0.00798872149334361
56	30	0.00310230225833798
56	34	0.12877276370127
56	23	0.0565442748254944
56	27	0.0242116919974811
56	13	0.0674832326201048
56	50	0.109034245966974
56	6	0.0173211092639585
56	37	0.0114846831866869
56	45	0.0068057739276959
56	49	0.0172292147848486
56	44	0.0219474222341966
56	31	0.617381419274917
56	29	0.0271545277914529
56	36	0.455925900384075
42	58	0.038991674697011
42	35	0.0672401909712012
42	57	0.0602396023190173
42	7	0.0974215414686812
42	48	7.6170571975955e-05
42	4	0.045772725573818
42	38	0.108254163102443
42	39	0.035544650557183
42	17	0.259364869183445
42	52	7.69619087461346e-05
42	3	6.44455000651416e-05
42	2	0.062520404052853
42	54	3.67731635060606e-05
42	40	0.09408310482796
42	46	0.0498539724236564
42	22	0.475634604912457
42	32	0.460426450752713
42	56	0.603664553421038
42	42	
42	28	0.0916880259185542
42	61	0.0782205581410644
42	18	0.0879548578139133
42	16	0.0889935537140003
42	59	0.0349029458494788
42	14	0.0373295569019737
42	25	0
42	41	0.0443546943136344
42	8	0.138432440085046
42	9	0.0534129548052556
42	1	0.594953075864423
42	47	0.0508806111199737
42	53	0.358573294523027
42	24	0.417564685258438
42	55	0.0288666837867573
42	12	9.9347860265304e-05
42	19	0.281317527525378
42	60	0.0392723956996763
42	11	0.0469146209286578
42	33	0.225668778850621
42	5	7.12971415817914e-05
42	26	0.36293659645895
42	51	0.422266206237066
42	43	0.0304144071374409
42	15	0.0904341275695229
42	63	0.231959082052853
42	10	0.123583714428895
42	20	0.39731649218418
42	21	0.0368442249872982
42	64	0.018798686126946
42	62	4.66263677286724e-05
42	65	0.0682073588287557
42	30	2.69232073888517e-05
42	34	0.0380760772792298
42	23	0.0144545630229638
42	27	0
42	13	0.0947180600544861
42	50	3.34335403236057e-05
42	6	0.026840399780217
42	37	0.0354269157621089
42	45	0
42	49	0.0620844340981302
42	44	0.0474204846549775
42	31	0.451600124590283
42	29	0.0782856332777574
42	36	0.402169023824203
28	58	0.134631388887016
28	35	0.119042282211824
28	57	0.0765972550301352
28	7	0.123302127624016
28	48	0.060504622990295
28	4	0.362899814394112
28	38	0.137416007995021
28	39	0.134144616351539
28	17	0.146591570172433
28	52	0.0626872469618429
28	3	0.116214004573842
28	2	0.153890465960022
28	54	0.000887055630113512
28	40	0.0496609665979138
28	46	0.352477919558307
28	22	0.0395246980651281
28	32	0.169061719583871
28	56	0.0419712627147454
28	42	0.0916880259185542
28	28	
28	61	0.14783003055629
28	18	0.136068975712187
28	16	0.188426035713326
28	59	0.142458415648492
28	14	0.0496752575497329
28	25	0.0987511410825592
28	41	0.0801114452133033
28	8	0.0995742594643272
28	9	0.330572086455144
28	1	2.24772237327548e-05
28	47	0.0747856179317608
28	53	0.0763262514285076
28	24	0.0981906589832922
28	55	0.0386998177448282
28	12	0.000536466746972289
28	19	0.0545821085817973
28	60	0.0793619221158476
28	11	0.270413755998625
28	33	0.211074191981061
28	5	0.124879914412371
28	26	0.215957274793226
28	51	0.0252221828984349
28	43	0.118360042514708
28	15	0.110445686223648
28	63	0.0779643333801073
28	10	0.347044937280812
28	20	0.237057433816289
28	21	0.245223142991859
28	64	0.0566425561022204
28	62	0.0560031390133842
28	65	0.0253072281391633
28	30	0.014844697206654
28	34	0.0403499886188017
28	23	0.068975132650628
28	27	0.00311773917892451
28	13	0.111887098752555
28	50	0.0528037306764242
28	6	0.217932729965557
28	37	0.125420751218113
28	45	0.0848541966926744
28	49	0.181556593535118
28	44	0.0172801556221916
28	31	0.0844099867656034
28	29	0.15561777441374
28	36	0.094117101286459
61	58	0.237935324503754
61	35	0.223940168386785
61	57	1.24936802949324e-06
61	7	0.500952386910728
61	48	0.000182321621840057
61	4	0.172683237558185
61	38	0.0659330701020372
61	39	0.138371880069609
61	17	0.167748165946669
61	52	0.132354628114625
61	3	0.0369222236672627
61	2	0.204133787996197
61	54	0.22215746066654
61	40	6.92242644023729e-05
61	46	0.142462169876124
61	22	0.368191766627311
61	32	0.242561017542926
61	56	0.0619704339561184
61	42	0.0782205581410644
61	28	0.14783003055629
61	61	
61	18	0.139581060521863
61	16	0.212523575209942
61	59	7.68215255917686e-07
61	14	0.107336757087299
61	25	0.166364391120678
61	41	0.12325912135838
61	8	0.324966251102284
61	9	0.293562106407511
61	1	3.89220894756269e-05
61	47	0
61	53	0.538813487072904
61	24	0.387368825391942
61	55	0.209490022060912
61	12	0.0618585339087986
61	19	0.0871174333636155
61	60	0.354584375633504
61	11	0.0437511006963517
61	33	0.162048061225091
61	5	0.12427605334256
61	26	0.000684054147862028
61	51	0.0311724593520005
61	43	0.0614076730158566
61	15	0.0556779595255981
61	63	0.040946194812082
61	10	0.074486606261941
61	20	0.122271060918219
61	21	0.0373668500984043
61	64	0.359500314146598
61	62	0.519937624521388
61	65	0.495901922032647
61	30	0.0011055931372023
61	34	0.0701163497005992
61	23	0.415874733938962
61	27	0.139325848633628
61	13	0.0907915360278944
61	50	0.0247149857385645
61	6	0.478571110822072
61	37	0.0337894704157253
61	45	0.452084714211145
61	49	0.104644798454832
61	44	0.35020843357322
61	31	0.0953088374729147
61	29	0.070793298775682
61	36	8.8204929545062e-05
18	58	0.269524087300259
18	35	0.00118249892600938
18	57	0.000339353360720137
18	7	0.230385862170487
18	48	0.0688041935505071
18	4	0.1311873536612
18	38	0.366591370854905
18	39	0.387575196186452
18	17	0.46531072131167
18	52	0.075918555182898
18	3	0.18534513504585
18	2	0.0300057442356163
18	54	0.000352324353715542
18	40	0.0349278453197313
18	46	0.000297222124363538
18	22	0.17008329836356
18	32	0.053628081601141
18	56	0.144893165376577
18	42	0.0879548578139133
18	28	0.136068975712187
18	61	0.139581060521863
18	18	
18	16	0.209444182784633
18	59	0.157416947330488
18	14	0.0797643666677219
18	25	0.0951644633334163
18	41	0.0028070435325911
18	8	0.0740738856083965
18	9	0.080478899488316
18	1	0.0348617569248841
18	47	0.0974608775994983
18	53	0.10714587808504
18	24	0.144339442934962
18	55	0.457855248570048
18	12	0.0458116072847999
18	19	2.50879000605663e-05
18	60	0.105115867646726
18	11	0.0326149862331036
18	33	0.446501258222009
18	5	0.0857738268828743
18	26	0.000178291745265129
18	51	0.23850968228998
18	43	0.120708902013887
18	15	0.160985230671636
18	63	0.290068334961466
18	10	0.132493629961095
18	20	0.0465901267004669
18	21	0.259526667727923
18	64	0.0131474429868785
18	62	0.09423324296089
18	65	3.21107033377543e-05
18	30	0.118858520246643
18	34	0.29189308342659
18	23	0.0261656452204521
18	27	0.0550340121772875
18	13	0.169088623488809
18	50	0.183628380669987
18	6	0.0391242207640236
18	37	0.0349597395767335
18	45	0.0362213434773237
18	49	0.0206214901281666
18	44	0.0497862381534435
18	31	0.399789307799838
18	29	0.104383714676222
18	36	0.105021564656802
16	58	0.102474030571705
16	35	0.0649649075323777
16	57	0.0515959572728225
16	7	0.242560805599084
16	48	0.0715245347730454
16	4	0.207080730194473
16	38	0.13966791582295
16	39	0.278165946577138
16	17	0.251076511387445
16	52	0.123436983663153
16	3	0.255701847508416
16	2	0.115684156280393
16	54	0.0092076490849645
16	40	0.000233019739645303
16	46	0.161315534701282
16	22	0.0778681179690582
16	32	0.125358952012705
16	56	0.0679786178007629
16	42	0.0889935537140003
16	28	0.188426035713326
16	61	0.212523575209942
16	18	0.209444182784633
16	16	
16	59	0.244421436270984
16	14	0.150895955311139
16	25	0.0237457382239715
16	41	0.0880856499877254
16	8	0.0544669029385713
16	9	0.100421251211271
16	1	0.0529101805769895
16	47	0.147336111458803
16	53	0.105279913699193
16	24	0.264540096304461
16	55	6.81150102203433e-07
16	12	0.0859642312819072
16	19	0.0240485844060382
16	60	0.114065611357179
16	11	0.036942017348813
16	33	0.334612886660555
16	5	0.194637981255484
16	26	0.044469832072767
16	51	0.0319160272635225
16	43	0.119976565273557
16	15	0.483973193740096
16	63	0.08691062745616
16	10	0.200990042898211
16	20	0.0355023837948349
16	21	0.0146325730306119
16	64	0.091838557537818
16	62	0.0812265166163862
16	65	0.00015271346732384
16	30	0.0300596468839605
16	34	0.054635165571651
16	23	0.0608808137106777
16	27	0
16	13	0.188793088740257
16	50	0.145475873441275
16	6	0.0439028000058704
16	37	0.0512878699956764
16	45	0.0416577514648623
16	49	0.170192941618517
16	44	0.0340137326694769
16	31	0.20053902052128
16	29	0.113999093441395
16	36	0.126117868563675
59	58	0.13633016482955
59	35	0.0123828803690205
59	57	0.000403994694577744
59	7	0.261169186199031
59	48	0.0746800001202044
59	4	0.245417371545375
59	38	0.218343443090529
59	39	0.35220085081817
59	17	0.161338585905608
59	52	2.37146065273301e-05
59	3	0.352345607559218
59	2	0.038532111095591
59	54	1.22003563017617e-05
59	40	0.0744029976581432
59	46	0.0883397217016612
59	22	0
59	32	0.0937528726614738
59	56	0.267051962896238
59	42	0.0349029458494788
59	28	0.142458415648492
59	61	7.68215255917686e-07
59	18	0.157416947330488
59	16	0.244421436270984
59	59	
59	14	0
59	25	2.28111375182856e-05
59	41	0.000296997666489771
59	8	0.0281975714657123
59	9	0.0231943652409987
59	1	0.0207514294995867
59	47	0.314635312293639
59	53	0.161133690349397
59	24	0.223477310794658
59	55	5.34733474972938e-07
59	12	5.88764862114476e-05
59	19	1.05236971845253e-05
59	60	0.210564100512987
59	11	0.000355506267060647
59	33	0.265423569555528
59	5	0.194911927399411
59	26	0
59	51	0.0250555172945673
59	43	0.138317362339811
59	15	0.161665982402629
59	63	0.136468127091948
59	10	0.216334243522475
59	20	0.0277386217745254
59	21	4.44947557204944e-05
59	64	0.0307377970860544
59	62	0.150504584137533
59	65	2.95391933034513e-05
59	30	0.000142512737367493
59	34	7.4604145386499e-07
59	23	0.0619406124785873
59	27	0
59	13	0.165726453104901
59	50	0.110630740308856
59	6	0.0220769028633349
59	37	0.014445601558216
59	45	0.0157317955827508
59	49	0.0220370692026605
59	44	1.61356249445676e-05
59	31	0.151438840805551
59	29	0.0619283040455022
59	36	0.19778536297873
14	58	0.0428275006119185
14	35	0.0338783407034069
14	57	0.0246634505629627
14	7	0.132648659647654
14	48	0.0199646937625302
14	4	0
14	38	0.0316827384417155
14	39	0.0467344034899499
14	17	0.128354167149081
14	52	0.000185165138693289
14	3	0.0140990652685459
14	2	0.00765778056344316
14	54	0.00174962027872137
14	40	0.0794506133792111
14	46	0.103467156143668
14	22	0.0326357236441024
14	32	0.00928794649840161
14	56	0.0243992714194747
14	42	0.0373295569019737
14	28	0.0496752575497329
14	61	0.107336757087299
14	18	0.0797643666677219
14	16	0.150895955311139
14	59	0
14	14	
14	25	0.000459315800189486
14	41	0.00159267804984133
14	8	0.0801695776422298
14	9	0.127633426979926
14	1	0.000166899383391062
14	47	0.239210297769862
14	53	0.0258877359902021
14	24	0.0428075837161197
14	55	0.0263220464345302
14	12	0.370712457282193
14	19	0.0115552865965196
14	60	0.0384877196466549
14	11	0.051702517952897
14	33	0.102270196862037
14	5	0.00111929117893779
14	26	0.000504646336726243
14	51	0.0298069151728169
14	43	0.0269226427150454
14	15	0.118564144408605
14	63	0.0290417285075657
14	10	0.0710273758830734
14	20	4.92167395416561e-05
14	21	0.0357295335554543
14	64	0.000612533211595752
14	62	0.0272399178384476
14	65	3.35982693993078e-05
14	30	0.000670429066965346
14	34	0.0337187709259152
14	23	0.00728141314895818
14	27	0.0699557957595956
14	13	0.0572785082866246
14	50	0.0727684772203502
14	6	0.0263041193067232
14	37	0.0164569923062867
14	45	0.0450165787038282
14	49	0.108530828076799
14	44	0.129623210114768
14	31	0.0906952960113875
14	29	0.0836601956943886
14	36	0.000128118459075505
25	58	0.0550605053220362
25	35	0.0534615178108062
25	57	0.0697093369538286
25	7	0.000241845517550729
25	48	7.74058731928903e-07
25	4	7.73654011290863e-07
25	38	0.000351555048298209
25	39	0.000177077444176425
25	17	0.000529153630426905
25	52	0.0324282765020835
25	3	0.020931110379166
25	2	0.000620321491650974
25	54	0.0560347353807374
25	40	5.65305645779936e-05
25	46	0.00114403579894131
25	22	0.207671034517224
25	32	0.0474596301198361
25	56	0.0296140255703609
25	42	0
25	28	0.0987511410825592
25	61	0.166364391120678
25	18	0.0951644633334163
25	16	0.0237457382239715
25	59	2.28111375182856e-05
25	14	0.000459315800189486
25	25	
25	41	0.0515541127365764
25	8	0.000344095488227055
25	9	0.0154286512995993
25	1	4.30302290845064e-07
25	47	0
25	53	0.0515867338552595
25	24	0.000563892911097584
25	55	0.0690940334821057
25	12	0.0319323776745186
25	19	0.0738494203119173
25	60	0.0895323479524894
25	11	0.000233332629005865
25	33	0.0365481568713764
25	5	0.0304943494944163
25	26	0.0164432216022983
25	51	0
25	43	0.0323024961559013
25	15	0.0160622504250584
25	63	1.90784691455653e-05
25	10	0.148201855128223
25	20	0.0773877379729473
25	21	0.0193746170140772
25	64	0.0932835233606908
25	62	0.0637715886798031
25	65	0.0162959765770032
25	30	0.0177304024714501
25	34	0.0202884893455573
25	23	0.128189080884892
25	27	0
25	13	0.000173131114295643
