24	24	
24	17	0.0547069126476523
24	31	0
24	21	0
24	39	0
24	32	0.0674148895945139
24	44	0
24	38	0
24	34	0.535050569044661
24	1	0
24	12	0.0543086932999709
24	42	0
24	18	0
24	37	0
24	25	0.0144226082022724
24	8	0
24	40	0
24	13	0.0626305606591053
24	3	0
24	50	0
24	28	0.0255450340600438
24	45	0.003086504969763
24	11	0
24	5	0
24	46	0.00287254653141376
24	2	0.488495627604876
24	9	0
24	19	0.00423546357200233
24	47	0
24	43	0
24	20	0
24	6	0
24	26	0
24	33	0
24	15	0.00111748758890803
24	23	0
24	22	0
24	30	0.0463277570335144
24	7	0
24	35	0.0346072665011602
24	14	0.00280496075787682
24	27	0
24	49	0
24	41	0
24	16	0
24	29	0.0388991695967344
24	10	0
24	48	0
24	36	0
24	4	0
17	24	0.0547069126476523
17	17	
17	31	0.174196369209177
17	21	0.0396951788938784
17	39	0.129313028876115
17	32	0.0596060587865939
17	44	0.148313766896764
17	38	0.0219947289679815
17	34	0.130231180868451
17	1	0.102066416050236
17	12	0.0498106288203457
17	42	0.0996404659537276
17	18	0.269970930154906
17	37	0.144538151152438
17	25	0.118962516099145
17	8	0.185525473251537
17	40	0.0393860312017679
17	13	0.0544536981021424
17	3	0.107950899807576
17	50	0.0311978251252487
17	28	0.0983200817056261
17	45	0.25484431873311
17	11	0
17	5	0.0111664439505439
17	46	0.240231684328948
17	2	0.188127926497367
17	9	0.288953592363832
17	19	0.220899557830288
17	47	0.144128619704756
17	43	0.023365568215591
17	20	0.0700139131744584
17	6	0.323911855943757
17	26	0.338775866449741
17	33	0.21992155064996
17	15	0.236063757807965
17	23	0.129211780445722
17	22	0.0248435579705896
17	30	0.0731368505729066
17	7	0.563295059428394
17	35	0.000460349810522895
17	14	0.0221156849975218
17	27	0.166468424983912
17	49	0.219337954128293
17	41	0.018797598606367
17	16	0.0593878287394815
17	29	8.81350702622096e-05
17	10	0.25223779674728
17	48	0.148915278181142
17	36	0.242715024206561
17	4	0.147880856919379
31	24	0
31	17	0.174196369209177
31	31	
31	21	0.0564545776300373
31	39	0.0591563646678553
31	32	0.0691683755688761
31	44	0.0253446230711338
31	38	0.0235810678936983
31	34	0.0728353470551118
31	1	0.0294126675756941
31	12	0.0393961782091072
31	42	0.0671047286008964
31	18	0.127598768955878
31	37	0.0537920689393534
31	25	0.030681221611227
31	8	0.200811081628934
31	40	0.0433145667156694
31	13	0.0214078273130805
31	3	0.0729894352153062
31	50	0.0352741751182923
31	28	0.0184355513256847
31	45	0.0289117683605978
31	11	0
31	5	0.0130796244796786
31	46	0.0447731460381344
31	2	0.0247260715240193
31	9	0.0269708183133694
31	19	0.0660163471590928
31	47	0.033921187519869
31	43	0.0263092409245717
31	20	0.0922045639626757
31	6	0.0901807967200407
31	26	0.0538325261830878
31	33	0.0280266593108874
31	15	0.102979945086919
31	23	0.146142656798186
31	22	0.0280779584722349
31	30	0.018494808476543
31	7	0.0333927287552565
31	35	0.0143165592847765
31	14	0.0244974550699711
31	27	0.0285575966286074
31	49	0.0830809876466208
31	41	0.0211089581014064
31	16	0.03965568707239
31	29	0.0250163812144342
31	10	0.132189943297761
31	48	0.038463483541574
31	36	0.148289519439214
31	4	0.0602228208026007
21	24	0
21	17	0.0396951788938784
21	31	0.0564545776300373
21	21	
21	39	0.119925153640963
21	32	0.0231854802383431
21	44	0.106074384102389
21	38	0.0318858330069441
21	34	0.0126162960791476
21	1	0.171165978935333
21	12	0.0383595860716706
21	42	0.0266594114781609
21	18	0.156953155765291
21	37	0.0928262771690261
21	25	0.055073730326474
21	8	0.0589072274786737
21	40	0.0848841433572771
21	13	0.0313320565751384
21	3	0.105265172125634
21	50	0.0343251452949247
21	28	0.0669761689740719
21	45	0.00291563879844016
21	11	0
21	5	0.0121106644639219
21	46	0.0666374233755316
21	2	0.0241340157269461
21	9	0.0264073837414664
21	19	0.0642784865788669
21	47	0.0659566038837216
21	43	0.128528226832409
21	20	0.0346827875540774
21	6	0.126804471842649
21	26	0.0701200366957416
21	33	0.051049790234233
21	15	0.0999514689876638
21	23	0.000190848122759569
21	22	0.0664637597552706
21	30	0.0634391105094358
21	7	0.0331693817441476
21	35	0.0142807423229161
21	14	0.024221238520238
21	27	0.0278718051152488
21	49	0.0451946840011193
21	41	0.0223951484896661
21	16	0.118164217823096
21	29	0.195668336122267
21	10	0.0584179422709301
21	48	0.0553590659563947
21	36	0.000187102646194736
21	4	0.0229953780865054
39	24	0
39	17	0.129313028876115
39	31	0.0591563646678553
39	21	0.119925153640963
39	39	
39	32	0.00031782212693078
39	44	0.0631977162776015
39	38	0.0524148086288129
39	34	0.0460189662660281
39	1	0.136825151190187
39	12	0.00200731145936315
39	42	0.000589540697808929
39	18	0.193817402235882
39	37	0.161780067278143
39	25	0.0930710380100912
39	8	0.0910251848969883
39	40	0.0775359127245005
39	13	0.0694826379787849
39	3	0.117234404621881
39	50	3.1494725909186e-05
39	28	0.0722602917466956
39	45	0.122589368459865
39	11	0
39	5	0.0325796963882699
39	46	0.15170625129008
39	2	0.105726166890355
39	9	0.134274035484383
39	19	0.141375247980677
39	47	0.102788250460589
39	43	4.32292614597166e-05
39	20	0.0887688195067407
39	6	0.14317105763447
39	26	0.144167171839943
39	33	0.111271651540574
39	15	0.0878820828701256
39	23	8.75579141677248e-05
39	22	0.059693712780197
39	30	0.0100940695924011
39	7	0.166186130593663
39	35	0.000172259412280525
39	14	0.00254809328948492
39	27	0.163544204957583
39	49	0.138342369872613
39	41	8.60294135758578e-05
39	16	0.00027067848429429
39	29	0.0224279663956054
39	10	0.074384268844343
39	48	0.114088701238428
39	36	8.23728722174654e-07
39	4	4.19059794825051e-05
32	24	0.0674148895945139
32	17	0.0596060587865939
32	31	0.0691683755688761
32	21	0.0231854802383431
32	39	0.00031782212693078
32	32	
32	44	0.027553568755026
32	38	0.201734620142041
32	34	0.00275946816170645
32	1	0.0160356486795681
32	12	0.105245189636825
32	42	0.0297259709267214
32	18	0.0694703393108486
32	37	0.00069781958365229
32	25	0.0204680605060634
32	8	6.66900139647512e-07
32	40	0.000821833115062196
32	13	0.121304957067023
32	3	0.0268780437944156
32	50	0.38020234402457
32	28	0.000253527819703218
32	45	0.005554189203235
32	11	0
32	5	0.000372274088471786
32	46	4.07726551910528e-05
32	2	3.2763233522488e-05
32	9	0.0752787651627007
32	19	0.0359450463254613
32	47	6.16460111604452e-05
32	43	0.0287489136822231
32	20	0.418392985875559
32	6	0.0439234414127958
32	26	0.00474259827687092
32	33	0.000798040394500404
32	15	0.0292124846155353
32	23	9.99801460890911e-05
32	22	1.10443375824804e-06
32	30	5.42700759070578e-05
32	7	0.0368050760485774
32	35	0.47569750520262
32	14	0.0241879590395159
32	27	0.0310511240314224
32	49	0.000654393454691039
32	41	0.0229940161048308
32	16	0.315940956028284
32	29	6.64417173191211e-05
32	10	0.0329135102774223
32	48	6.40384125902412e-05
32	36	6.9571737504988e-05
32	4	0.0255961991928509
44	24	0
44	17	0.148313766896764
44	31	0.0253446230711338
44	21	0.106074384102389
44	39	0.0631977162776015
44	32	0.027553568755026
44	44	
44	38	0.0564054545416457
44	34	0.125557362640118
44	1	0.118193539079201
44	12	0.0443526878339888
44	42	0.435812584065562
44	18	0.263205209327795
44	37	0.118134773928557
44	25	0.219790366978284
44	8	0.133492916977773
44	40	0.0516269407324222
44	13	0.0513073307963935
44	3	0.30220415242032
44	50	0.0633116974314535
44	28	0.320778533927703
44	45	0.248179171959951
44	11	0
44	5	0.0379046028984545
44	46	0.232328971401571
44	2	0.112705227467131
44	9	0.211181480059595
44	19	0.149243328499031
44	47	0.116593844149871
44	43	0.222428793443487
44	20	0.0211560378833297
44	6	0.181157547625158
44	26	0.299163991465342
44	33	0.179074669646906
44	15	0.221143690015492
44	23	0.00017817673862227
44	22	0.158878207001206
44	30	0.114597953078597
44	7	0.261087975078814
44	35	0.142449170818682
44	14	0.0522505835070884
44	27	0.128923509708433
44	49	0.227227233427867
44	41	0.112009686988629
44	16	0.193048835322896
44	29	0.0427009534269246
44	10	0.134434377211381
44	48	0.244457408096505
44	36	0.120358251578778
44	4	0.0560823394859509
38	24	0
38	17	0.0219947289679815
38	31	0.0235810678936983
38	21	0.0318858330069441
38	39	0.0524148086288129
38	32	0.201734620142041
38	44	0.0564054545416457
38	38	
38	34	0.00056493204447332
38	1	0.0163866680544234
38	12	0.0212845973105857
38	42	0.058838945816234
38	18	0.0709360440546753
38	37	0.0231851665155948
38	25	0.0311063267174102
38	8	0.000152344986210522
38	40	0.000468714027048082
38	13	0.0237884577384578
38	3	0.0644564064117923
38	50	0.0588963317294193
38	28	0.000281064142462626
38	45	7.20384918198692e-05
38	11	0
38	5	0.000340727149482422
38	46	6.70447388980985e-05
38	2	0.000147465311725717
38	9	0.0298696367732315
38	19	0.0367221593192807
38	47	0.0189289738665671
38	43	0.0584573641896018
38	20	0.0197997561476266
38	6	0.0453954743729102
38	26	0.000151861154792255
38	33	0.0591616228864981
38	15	0.0575534825882903
38	23	0.000113256741366274
38	22	0.047721446290605
38	30	0.0787364864911572
38	7	0.0372772486614244
38	35	0.0259559510245421
38	14	0.0487450064590302
38	27	0.0327296431833657
38	49	0.000574398885578349
38	41	0.0701546720736653
38	16	0.0181241463625356
38	29	0.0278349243774925
38	10	0.033247047851038
38	48	0.134945407223335
38	36	5.11100895113516e-07
38	4	0.0521654656780972
34	24	0.535050569044661
34	17	0.130231180868451
34	31	0.0728353470551118
34	21	0.0126162960791476
34	39	0.0460189662660281
34	32	0.00275946816170645
34	44	0.125557362640118
34	38	0.00056493204447332
34	34	
34	1	0.0346861238159123
34	12	0.00142571622812845
34	42	0.18263750148727
34	18	0.0753444063705174
34	37	0.0488001378030322
34	25	0.147848924805982
34	8	0.0739725239216107
34	40	0.167628315016597
34	13	0
34	3	0.174805037425678
34	50	1.97726060774724e-05
34	28	0.196919109744086
34	45	0.0775827545594994
34	11	0
34	5	0.0149760271408495
34	46	0.0725531203685603
34	2	0.49957413804343
34	9	0.0740192476217495
34	19	0.061652220437944
34	47	0.0483244240570309
34	43	0.0814124276118831
34	20	0.00886803109827057
34	6	0.0605017580849569
34	26	0.0962914157309614
34	33	0.142448809819716
34	15	0.0968752055210244
34	23	0.228335218475137
34	22	0.0138448679890058
34	30	0.0211636699244353
34	7	0.0917440170292979
34	35	0.0820327080608429
34	14	0.00146937271125915
34	27	0.0960405539857029
34	49	0.0912329829403414
34	41	0.0163277132416788
34	16	0.0508673824463325
34	29	1.71446507918049e-05
34	10	0.0411615415689521
34	48	0.127164178577012
34	36	0.0731508705939851
34	4	0.0297142963678604
1	24	0
1	17	0.102066416050236
1	31	0.0294126675756941
1	21	0.171165978935333
1	39	0.136825151190187
1	32	0.0160356486795681
1	44	0.118193539079201
1	38	0.0163866680544234
1	34	0.0346861238159123
1	1	
1	12	0.0386445974244849
1	42	0.0907410020869506
1	18	0.190807318336304
1	37	0.100714733016367
1	25	0.11049447962267
1	8	0.0354170072488698
1	40	0.0300593265732753
1	13	0.0686648222671352
1	3	0.0674921460684296
1	50	0.034791084103324
1	28	0.0595908672394982
1	45	0.117037182307875
1	11	0
1	5	0.0167900755377766
1	46	0.117462527099402
1	2	0.0990485659518518
1	9	0.12262600561249
1	19	0.109488750687985
1	47	0.0959591011712251
1	43	0.163448521716627
1	20	0.0686896228112226
1	6	0.105136484669082
1	26	0.148004482711552
1	33	0.0679817589930447
1	15	0.122119466769554
1	23	0.000134277518774815
1	22	0.0194855513326648
1	30	0.000145611620776822
1	7	0.151611724006552
1	35	0.0426630372893788
1	14	0.0152493444615325
1	27	0.146369061266397
1	49	0.121016332125344
1	41	0.0649323642447008
1	16	0.0108450439677034
1	29	0.212061570602714
1	10	0.0780833407715302
1	48	0.104749949153662
1	36	0.0172697494267939
1	4	0.0325966837735264
12	24	0.0543086932999709
12	17	0.0498106288203457
12	31	0.0393961782091072
12	21	0.0383595860716706
12	39	0.00200731145936315
12	32	0.105245189636825
12	44	0.0443526878339888
12	38	0.0212845973105857
12	34	0.00142571622812845
12	1	0.0386445974244849
12	12	
12	42	0.0458618323804802
12	18	0.0559645409756009
12	37	0.0111904704607385
12	25	0.190553761592933
12	8	5.37247414683475e-07
12	40	0.000126245744405718
12	13	0.116906179078746
12	3	0.0213564728423719
12	50	0.0309280904603516
12	28	0.016131279319343
12	45	0.0496653174879986
12	11	0
12	5	1.27564122475044e-07
12	46	0.0196389694761921
12	2	0.0102482098744019
12	9	0.0292428936221064
12	19	0.0289569338210647
12	47	0.00037083320058244
12	43	0.0466548588455846
12	20	0.0155027837884283
12	6	0.0728446790251571
12	26	0.0337351907858471
12	33	1.00312573046288e-05
12	15	0.0239146528501458
12	23	0.00783427049224858
12	22	0.00053379810971899
12	30	4.37193760240526e-05
12	7	0.0292497628165436
12	35	0.0208095654590776
12	14	0.0214963495123729
12	27	0.511614097917042
12	49	1.07876060033206e-05
12	41	0.0373232831026473
12	16	0.0140035661849228
12	29	0.000976651234288652
12	10	0.0323047816011766
12	48	0.0112792636770433
12	36	0.00796353597917263
12	4	0.0333264572492071
42	24	0
42	17	0.0996404659537276
42	31	0.0671047286008964
42	21	0.0266594114781609
42	39	0.000589540697808929
42	32	0.0297259709267214
42	44	0.435812584065562
42	38	0.058838945816234
42	34	0.18263750148727
42	1	0.0907410020869506
42	12	0.0458618323804802
42	42	
42	18	0.078808176992575
42	37	0.0279576677090483
42	25	0.201450829973517
42	8	0.223963236447766
42	40	0.00127550845305724
42	13	0.0529470858457127
42	3	0.437914450128268
42	50	0.0733754566054684
42	28	0.383438154303277
42	45	0.0777132345785935
42	11	0
42	5	0.0396771696918325
42	46	7.48178061968807e-05
42	2	0.00204653233165125
42	9	0.0618923647923358
42	19	0.040797894430909
42	47	0.0222959249741398
42	43	0.430810459332907
42	20	0.0303273384972281
42	6	0.0501124237749708
42	26	0.039132085986123
42	33	0.00144306919553896
42	15	0.0978583284057369
42	23	0.00023918637906911
42	22	0.125178037995978
42	30	0.0757612036891829
42	7	0.0419962044969121
42	35	0.287675876353797
42	14	0.0546340463576342
42	27	0.0352436797087318
42	49	0.00123273166030789
42	41	0.207790038874103
42	16	0.101598971105277
42	29	0.0311046373040025
42	10	0.037457202708881
42	48	0.245973198456151
42	36	0.1257642295836
42	4	0.103297241440999
18	24	0
18	17	0.269970930154906
18	31	0.127598768955878
18	21	0.156953155765291
18	39	0.193817402235882
18	32	0.0694703393108486
18	44	0.263205209327795
18	38	0.0709360440546753
18	34	0.0753444063705174
18	1	0.190807318336304
18	12	0.0559645409756009
18	42	0.078808176992575
18	18	
18	37	0.209899068559056
18	25	0.161575106160972
18	8	0.15310217377906
18	40	0.130169513103516
18	13	0.064486510261415
18	3	0.258604216381827
18	50	0.144619585197763
18	28	0.144618998442745
18	45	0.201826541413191
18	11	0
18	5	0.036377012681301
18	46	0.290952534585943
18	2	0.177807683274236
18	9	0.409226472954486
18	19	0.337153622983943
18	47	0.172972884641126
18	43	0.118742005689353
18	20	0.106124470027489
18	6	0.288456656399181
18	26	0.303720519045742
18	33	0.186606532876092
18	15	0.298913223882666
18	23	7.60722202010527e-05
18	22	0.129331673249483
18	30	0.000194947669784535
18	7	0.379406034309901
18	35	0
18	14	0.131541201089328
18	27	0.205484953926221
18	49	0.264750408488747
18	41	0.0634160280729456
18	16	0.143584723322086
18	29	0.0376764393651484
18	10	0.214434719706162
18	48	0.205150915336756
18	36	0.0575415861327468
18	4	0.106021428914228
37	24	0
37	17	0.144538151152438
37	31	0.0537920689393534
37	21	0.0928262771690261
37	39	0.161780067278143
37	32	0.00069781958365229
37	44	0.118134773928557
37	38	0.0231851665155948
37	34	0.0488001378030322
37	1	0.100714733016367
37	12	0.0111904704607385
37	42	0.0279576677090483
37	18	0.209899068559056
37	37	
37	25	0.0773388222574463
37	8	0.0985537035282249
37	40	0.0843839231943958
37	13	0
37	3	0.118293841874632
37	50	0.0342392301845773
37	28	0.076936366406428
37	45	0.176532798866544
37	11	0
37	5	0.0237476652282718
37	46	0.185960810876351
37	2	0.147315971862446
37	9	0.145466271181315
37	19	0.153121269757497
37	47	0.305685210419007
37	43	0.0510174093006163
37	20	0.0344585507851785
37	6	0.108472265011374
37	26	0.179765694885707
37	33	0.196089351392417
37	15	0.10630760806956
37	23	9.47996614805144e-05
37	22	0.0544052770462185
37	30	0.0764472287043007
37	7	0.180309120186648
37	35	0.0367127944726122
37	14	0.0427454008225713
37	27	0.0770677231827728
37	49	0.169784110851915
37	41	0.040886598702688
37	16	0.0163748637129452
37	29	0.024282940522394
37	10	0.0808363209449316
37	48	0.168559018918242
37	36	0.00112109539131225
37	4	0.0823398932152453
25	24	0.0144226082022724
25	17	0.118962516099145
25	31	0.030681221611227
25	21	0.055073730326474
25	39	0.0930710380100912
25	32	0.0204680605060634
25	44	0.219790366978284
25	38	0.0311063267174102
25	34	0.147848924805982
25	1	0.11049447962267
25	12	0.190553761592933
25	42	0.201450829973517
25	18	0.161575106160972
25	37	0.0773388222574463
25	25	
25	8	0.0223193181041753
25	40	0.0826104630584464
25	13	0.0526982028258342
25	3	0.187107793784899
25	50	0.0385936899700511
25	28	0.257172838021329
25	45	0.117409641210876
25	11	0
25	5	0.0054703529722787
25	46	0.148306457108996
25	2	0.212425128380348
25	9	0.154773275005556
25	19	0.123789707488338
25	47	0.0857787054183277
25	43	0.129717161986703
25	20	0.0535995986081914
25	6	0.132750842334451
25	26	0.140918571558268
25	33	0.108985343464314
25	15	0.106025997507809
25	23	0.0060911755686044
25	22	0.0123213812467224
25	30	0.0912537755311841
25	7	0.191551764537832
25	35	0.0943864363509302
25	14	0.0290232106625442
25	27	0.389081540054909
25	49	0.117444711256533
25	41	0.0560154179263376
25	16	0.147001985829376
25	29	0.0219243798017997
25	10	0.103396162017296
25	48	0.15529084400247
25	36	4.02599282023492e-07
25	4	0.0310074740378461
8	24	0
8	17	0.185525473251537
8	31	0.200811081628934
8	21	0.0589072274786737
8	39	0.0910251848969883
8	32	6.66900139647512e-07
8	44	0.133492916977773
8	38	0.000152344986210522
8	34	0.0739725239216107
8	1	0.0354170072488698
8	12	5.37247414683475e-07
8	42	0.223963236447766
8	18	0.15310217377906
8	37	0.0985537035282249
8	25	0.0223193181041753
8	8	
8	40	0.103606735611131
8	13	0.0515529835508292
8	3	0.116770980322904
8	50	5.782633180444e-05
8	28	0.0394786284575787
8	45	0.000275126657589477
8	11	0
8	5	0.0291202796748037
8	46	0.053717754987129
8	2	0.0594900402143678
8	9	2.33378303380663e-06
8	19	0.0792048420903227
8	47	0.0814113710189418
8	43	7.60142150377139e-07
8	20	0.0422829400310336
8	6	0.018834842464351
8	26	0.136173577924652
8	33	0.0621551518882954
8	15	0.141214103914241
8	23	0.000123391749385124
8	22	0.134672858674103
8	30	0.0138441476494738
8	7	0.0842583892886439
8	35	0
8	14	7.03810370863776e-05
8	27	9.34522240060817e-05
8	49	0.0582798389544938
8	41	0.000309589519245454
8	16	0.0580313827953307
8	29	0.0602411449624755
8	10	1.71961677888015e-06
8	48	0.0614668392377861
8	36	1.10385618730837e-06
8	4	0.088154852709235
40	24	0
40	17	0.0393860312017679
40	31	0.0433145667156694
40	21	0.0848841433572771
40	39	0.0775359127245005
40	32	0.000821833115062196
40	44	0.0516269407324222
40	38	0.000468714027048082
40	34	0.167628315016597
40	1	0.0300593265732753
40	12	0.000126245744405718
40	42	0.00127550845305724
40	18	0.130169513103516
40	37	0.0843839231943958
40	25	0.0826104630584464
40	8	0.103606735611131
40	40	
40	13	0
40	3	0.0994663658951142
40	50	4.90831377463987e-05
40	28	0.112617376768314
40	45	0.00494968069286119
40	11	0
40	5	0.0249815115583542
40	46	0.0958261115429282
40	2	0.0553331691381012
40	9	0.000366264891067633
40	19	0.0741537998783367
40	47	0.103636032300485
40	43	0.000178622937971816
40	20	0.0363822479747347
40	6	0.000670085047314945
40	26	0.000278393587214132
40	33	0.286990592842107
40	15	0.0797909707417626
40	23	0.262887684250841
40	22	0.0571947360864173
40	30	0.0609728771302058
40	7	0.00102224182184458
40	35	0.000334738479966138
40	14	0.00481265093911047
40	27	0.000272246553913223
40	49	0.0421333941412815
40	41	0.000258885672881586
40	16	0.000927136723666084
40	29	6.96017049177205e-05
40	10	0.0226237699200174
40	48	0.052346640486657
40	36	0.000259391003613681
40	4	0.000224148871432818
13	24	0.0626305606591053
13	17	0.0544536981021424
13	31	0.0214078273130805
13	21	0.0313320565751384
13	39	0.0694826379787849
13	32	0.121304957067023
13	44	0.0513073307963935
13	38	0.0237884577384578
13	34	0
13	1	0.0686648222671352
13	12	0.116906179078746
13	42	0.0529470858457127
13	18	0.064486510261415
13	37	0
13	25	0.0526982028258342
13	8	0.0515529835508292
13	40	0
13	13	
13	3	0.0245914761274627
13	50	0.0356403209076887
13	28	0
13	45	8.30261295718006e-05
13	11	0
13	5	4.16900636641996e-05
13	46	0
13	2	0.0988486774648664
13	9	0.0271893773296709
13	19	0.0333382314807478
13	47	0.000428800408747585
13	43	0.0271434525852243
13	20	0.0823070909196629
13	6	0.0404965110841507
13	26	6.64568592676314e-05
13	33	0
13	15	0.026418005097492
13	23	0
13	22	0.00061456737807148
13	30	0
13	7	0.0336043293969483
13	35	0.000508388511005107
13	14	0.0220784406360277
13	27	0.133183869023912
13	49	0
13	41	0.105991175866433
13	16	0.0311368102303308
13	29	0.00118149673166834
13	10	0.0300511929254686
13	48	0
13	36	0.152895241913008
13	4	0.023710994675967
3	24	0
3	17	0.107950899807576
3	31	0.0729894352153062
3	21	0.105265172125634
3	39	0.117234404621881
3	32	0.0268780437944156
3	44	0.30220415242032
3	38	0.0644564064117923
3	34	0.174805037425678
3	1	0.0674921460684296
3	12	0.0213564728423719
3	42	0.437914450128268
3	18	0.258604216381827
3	37	0.118293841874632
3	25	0.187107793784899
3	8	0.116770980322904
3	40	0.0994663658951142
3	13	0.0245914761274627
3	3	
3	50	0.349618337838685
3	28	0.431958737245569
3	45	7.91477091143512e-05
3	11	0
3	5	0.0417945360294149
3	46	0.0786384008789742
3	2	0.0850485294584552
3	9	0.0308988390450149
3	19	0.113630989419948
3	47	0.116545656490995
3	43	0.249958115234349
3	20	0.0608287253729129
3	6	0.0691060241482974
3	26	0.0691264165348621
3	33	0.0896179533106381
3	15	0.0785445971760717
3	23	0.000113363829657631
3	22	0.110758615913746
3	30	0.0813033503975372
3	7	0.0766816894133311
3	35	0.194261868317414
3	14	0.22937132918896
3	27	0.0327509113490297
3	49	0.0719349091433601
3	41	0.0725248725245575
3	16	0.074330929083044
3	29	0.0642042804616768
3	10	0.0343710026232984
3	48	0.294105138395131
3	36	1.58506183113202e-06
3	4	0.0539316110108436
50	24	0
50	17	0.0311978251252487
50	31	0.0352741751182923
50	21	0.0343251452949247
50	39	3.1494725909186e-05
50	32	0.38020234402457
50	44	0.0633116974314535
50	38	0.0588963317294193
50	34	1.97726060774724e-05
50	1	0.034791084103324
50	12	0.0309280904603516
50	42	0.0733754566054684
50	18	0.144619585197763
50	37	0.0342392301845773
50	25	0.0385936899700511
50	8	5.782633180444e-05
50	40	4.90831377463987e-05
50	13	0.0356403209076887
50	3	0.349618337838685
50	50	
50	28	0.00014166199319948
50	45	0.020049694808879
50	11	0
50	5	0.000145063702871793
50	46	2.54484995778332e-05
50	2	0.000104279201005311
50	9	0.0447647881698971
50	19	0.0549072556406488
50	47	0.014123516679324
50	43	0.065758324920911
50	20	0.374945886453901
50	6	0.0665934539357473
50	26	1.04479396879916e-05
50	33	0.000300697782768981
50	15	0.0785943620953153
50	23	8.13941436701592e-05
50	22	0.000307025153555184
50	30	0.0495996661199967
50	7	0.0553706353543154
50	35	0.363384940174128
50	14	0.350248838652201
50	27	0.0474316268790291
50	49	0.000254494217872865
50	41	0.070040668553846
50	16	0.323293319618409
50	29	0.0416441418186808
50	10	0.183051782810335
50	48	0.0215331574881804
50	36	7.65741105132845e-07
50	4	0.0781056994653362
28	24	0.0255450340600438
28	17	0.0983200817056261
28	31	0.0184355513256847
28	21	0.0669761689740719
28	39	0.0722602917466956
28	32	0.000253527819703218
28	44	0.320778533927703
28	38	0.000281064142462626
28	34	0.196919109744086
28	1	0.0595908672394982
28	12	0.016131279319343
28	42	0.383438154303277
28	18	0.144618998442745
28	37	0.076936366406428
28	25	0.257172838021329
28	8	0.0394786284575787
28	40	0.112617376768314
28	13	0
28	3	0.431958737245569
28	50	0.00014166199319948
28	28	
28	45	0.133215687400527
28	11	0
28	5	0.00958626608332645
28	46	0.167065562610372
28	2	0.0730460638062449
28	9	0.116224164905786
28	19	0.096870403336556
28	47	0.0963233024649963
28	43	0.191935890215249
28	20	0.159645892359762
28	6	0.0884597273700415
28	26	0.171750025886444
28	33	0.116883605998377
28	15	0.289017658613191
28	23	0.0457598488008558
28	22	0.0449868998888556
28	30	0.0699735361618634
28	7	0.143919423344646
28	35	0.169569344500094
28	14	0.00252160933205153
28	27	0.0962080601367663
28	49	0.122020115536583
28	41	0.181322132177611
28	16	0.0391139801511596
28	29	0.0280348227871727
28	10	0.0870261600747364
28	48	0.378786384325216
28	36	0.000847185896818229
28	4	0.194511918554321
45	24	0.003086504969763
45	17	0.25484431873311
45	31	0.0289117683605978
45	21	0.00291563879844016
45	39	0.122589368459865
45	32	0.005554189203235
45	44	0.248179171959951
45	38	7.20384918198692e-05
45	34	0.0775827545594994
45	1	0.117037182307875
45	12	0.0496653174879986
45	42	0.0777132345785935
45	18	0.201826541413191
45	37	0.176532798866544
45	25	0.117409641210876
45	8	0.000275126657589477
45	40	0.00494968069286119
45	13	8.30261295718006e-05
45	3	7.91477091143512e-05
45	50	0.020049694808879
45	28	0.133215687400527
45	45	
45	11	0
45	5	0.0687468778305288
45	46	0.410277195284252
45	2	0.207787276963197
45	9	0.347531272149851
45	19	0.215501060512764
45	47	0.134986646945719
45	43	5.44269283085056e-05
45	20	0.00185835899566244
45	6	0.282881272495525
45	26	0.36977675173347
45	33	0.180991092475289
45	15	0.224867410038347
45	23	0.0101934627566522
45	22	0.0832081239549572
45	30	0.00654036209953856
45	7	0.420659287231794
45	35	0.00220418408103355
45	14	0.00802254153722639
45	27	0.180267270633758
45	49	0.327299768673156
45	41	0.0570094732537786
45	16	0.0571127537044854
45	29	0.0465506831580278
45	10	0.198788820192516
45	48	0.205622727131987
45	36	0.123361794852236
45	4	0.00052622132492624
11	24	0
11	17	0
11	31	0
11	21	0
11	39	0
11	32	0
11	44	0
11	38	0
11	34	0
11	1	0
11	12	0
11	42	0
11	18	0
11	37	0
11	25	0
11	8	0
11	40	0
11	13	0
11	3	0
11	50	0
11	28	0
11	45	0
11	11	
11	5	0
11	46	0
11	2	0
11	9	0
11	19	0
11	47	0
11	43	0
11	20	0
11	6	0
11	26	0
11	33	0
11	15	0
11	23	0
11	22	0
11	30	0
11	7	0
11	35	0
11	14	0
11	27	0
11	49	0
11	41	0
11	16	0
11	29	0
11	10	0
11	48	0
11	36	0
11	4	0
5	24	0
5	17	0.0111664439505439
5	31	0.0130796244796786
5	21	0.0121106644639219
5	39	0.0325796963882699
5	32	0.000372274088471786
5	44	0.0379046028984545
5	38	0.000340727149482422
5	34	0.0149760271408495
5	1	0.0167900755377766
5	12	1.27564122475044e-07
5	42	0.0396771696918325
5	18	0.036377012681301
5	37	0.0237476652282718
5	25	0.0054703529722787
5	8	0.0291202796748037
5	40	0.0249815115583542
5	13	4.16900636641996e-05
5	3	0.0417945360294149
5	50	0.000145063702871793
5	28	0.00958626608332645
5	45	0.0687468778305288
5	11	0
5	5	
5	46	0.0361337256230667
5	2	0.0282025027604336
5	9	0.00293902968180669
5	19	0.0376125973323438
5	47	0.0289983323979715
5	43	0.031727626735253
5	20	0.011074536071824
5	6	0.000261878984405437
5	26	0.00440704342381144
5	33	0.0237575120786287
5	15	0.0164244541179669
5	23	5.80796684087466e-05
5	22	0.0641139658812928
5	30	9.13219086251944e-05
5	7	0.000319566479233615
5	35	0.00493221640762898
5	14	0.012647455012637
5	27	4.3987334723593e-05
5	49	0.0503498869388863
5	41	0.03861073314755
5	16	0.304423870122653
5	29	0.00556335549731025
5	10	0.00770332951055201
5	48	0.0147328986313338
5	36	0.0646093792923729
5	4	0.0133937045649461
46	24	0.00287254653141376
46	17	0.240231684328948
46	31	0.0447731460381344
46	21	0.0666374233755316
46	39	0.15170625129008
46	32	4.07726551910528e-05
46	44	0.232328971401571
46	38	6.70447388980985e-05
46	34	0.0725531203685603
46	1	0.117462527099402
46	12	0.0196389694761921
46	42	7.48178061968807e-05
46	18	0.290952534585943
46	37	0.185960810876351
46	25	0.148306457108996
46	8	0.053717754987129
46	40	0.0958261115429282
46	13	0
46	3	0.0786384008789742
46	50	2.54484995778332e-05
46	28	0.167065562610372
46	45	0.410277195284252
46	11	0
46	5	0.0361337256230667
46	46	
46	2	0.202005723655931
46	9	0.316807194760365
46	19	0.293228183640382
46	47	0.171072758121133
46	43	4.64732453195973e-05
46	20	0.193684030383186
46	6	0.455463550602686
46	26	0.574095201996737
46	33	0.207043415623384
46	15	0.199627455406582
46	23	5.43028544981011e-05
46	22	0.0610809442797719
46	30	0.0315607962293943
46	7	0.391600127084704
46	35	0.00202176450885758
46	14	0.00423450799533306
46	27	0.167821045043744
46	49	0.305487274208242
46	41	0.0222841510080761
46	16	0.0519222290841012
46	29	3.60869137455468e-05
46	10	0.175128731937969
46	48	0.205737170103004
46	36	6.74870869414161e-05
46	4	0.0155473023002899
2	24	0.488495627604876
2	17	0.188127926497367
2	31	0.0247260715240193
2	21	0.0241340157269461
2	39	0.105726166890355
2	32	3.2763233522488e-05
2	44	0.112705227467131
2	38	0.000147465311725717
2	34	0.49957413804343
2	1	0.0990485659518518
2	12	0.0102482098744019
2	42	0.00204653233165125
2	18	0.177807683274236
2	37	0.147315971862446
2	25	0.212425128380348
2	8	0.0594900402143678
2	40	0.0553331691381012
2	13	0.0988486774648664
2	3	0.0850485294584552
2	50	0.000104279201005311
2	28	0.0730460638062449
2	45	0.207787276963197
2	11	0
2	5	0.0282025027604336
2	46	0.202005723655931
2	2	
2	9	0.189354605874937
2	19	0.152474807476619
2	47	0.21832623164863
2	43	5.58316304846493e-05
2	20	0.0205624053870306
2	6	0.157688077304482
2	26	0.213477209059051
2	33	0.144299550386438
2	15	0.0973920767903582
2	23	0.0208591142299679
2	22	0.149353723135194
2	30	0.00779386585664193
2	7	0.254536083342925
2	35	0.00226107177011458
2	14	0.00479251156533835
2	27	0.173664676652237
2	49	0.226938550317687
2	41	0.0570409357821488
2	16	0.09238198207199
2	29	0.057723523188267
2	10	0.112806944942129
2	48	0.112968232175322
2	36	0.0809154542390124
2	4	0.0274027328709734
9	24	0
9	17	0.288953592363832
9	31	0.0269708183133694
9	21	0.0264073837414664
9	39	0.134274035484383
9	32	0.0752787651627007
9	44	0.211181480059595
9	38	0.0298696367732315
9	34	0.0740192476217495
9	1	0.12262600561249
9	12	0.0292428936221064
9	42	0.0618923647923358
9	18	0.409226472954486
9	37	0.145466271181315
9	25	0.154773275005556
9	8	2.33378303380663e-06
9	40	0.000366264891067633
9	13	0.0271893773296709
9	3	0.0308988390450149
9	50	0.0447647881698971
9	28	0.116224164905786
9	45	0.347531272149851
9	11	0
9	5	0.00293902968180669
9	46	0.316807194760365
9	2	0.189354605874937
9	9	
9	19	0.275489781157639
9	47	0.119857013344752
9	43	0.0335308962825029
9	20	0.0225221759482469
9	6	0.334087498578649
9	26	0.408599571791747
9	33	0.183230878057574
9	15	0.246155496623077
9	23	0.0510078351758337
9	22	3.86490962248845e-06
9	30	0.000127065929873756
9	7	0.513184082290528
9	35	3.56235092660244e-05
9	14	0.0277717605776688
9	27	0.237980258110231
9	49	0.288216105429436
9	41	0.0268200384428739
9	16	0.0197454395594929
9	29	4.06646607539689e-05
9	10	0.257372804162306
9	48	0.181438843475645
9	36	0.011612841005176
9	4	0.0298904828505086
19	24	0.00423546357200233
19	17	0.220899557830288
19	31	0.0660163471590928
19	21	0.0642784865788669
19	39	0.141375247980677
19	32	0.0359450463254613
19	44	0.149243328499031
19	38	0.0367221593192807
19	34	0.061652220437944
19	1	0.109488750687985
19	12	0.0289569338210647
19	42	0.040797894430909
19	18	0.337153622983943
19	37	0.153121269757497
19	25	0.123789707488338
19	8	0.0792048420903227
19	40	0.0741537998783367
19	13	0.0333382314807478
19	3	0.113630989419948
19	50	0.0549072556406488
19	28	0.096870403336556
19	45	0.215501060512764
19	11	0
19	5	0.0376125973323438
19	46	0.293228183640382
19	2	0.152474807476619
19	9	0.275489781157639
19	19	
19	47	0.126217346669992
19	43	0.0409706688975709
19	20	0.054928201011901
19	6	0.481132365072634
19	26	0.250492593604688
19	33	0.152665986031351
19	15	0.168915035910692
19	23	8.0067549669684e-05
19	22	0.043723991624688
19	30	0.000202126805810502
19	7	0.340556616441021
19	35	0.00298101695996515
19	14	0.0742249513831004
19	27	0.16812720758564
19	49	0.240125527422879
19	41	0.0328571561141094
19	16	0.0242177608004972
19	29	5.32088190474077e-05
19	10	0.175452966591848
19	48	0.151112869376421
19	36	9.95072125708065e-05
19	4	0.0366146883994902
47	24	0
47	17	0.144128619704756
47	31	0.033921187519869
47	21	0.0659566038837216
47	39	0.102788250460589
47	32	6.16460111604452e-05
47	44	0.116593844149871
47	38	0.0189289738665671
47	34	0.0483244240570309
47	1	0.0959591011712251
47	12	0.00037083320058244
47	42	0.0222959249741398
47	18	0.172972884641126
47	37	0.305685210419007
47	25	0.0857787054183277
47	8	0.0814113710189418
47	40	0.103636032300485
47	13	0.000428800408747585
47	3	0.116545656490995
47	50	0.014123516679324
47	28	0.0963233024649963
47	45	0.134986646945719
47	11	0
47	5	0.0289983323979715
47	46	0.171072758121133
47	2	0.21832623164863
47	9	0.119857013344752
47	19	0.126217346669992
47	47	
47	43	0.0413125145085469
47	20	0.0283687296912358
47	6	0.105245315096733
47	26	0.146407957009966
47	33	0.140639923134837
47	15	0.0808636320027067
47	23	0.00012243048203758
47	22	0.125339562771085
47	30	0.0722176104547439
47	7	0.17476706592413
47	35	0.0189203672053299
47	14	0.0178002736558902
47	27	0.063567938371362
47	49	0.156889129693943
47	41	0.0583944442237895
47	16	0.0257098103350929
47	29	0.0654704460865773
47	10	0.0663154682905628
47	48	0.118409576889438
47	36	0.000973928098268225
47	4	0.0378956504294982
43	24	0
43	17	0.023365568215591
43	31	0.0263092409245717
43	21	0.128528226832409
43	39	4.32292614597166e-05
43	32	0.0287489136822231
43	44	0.222428793443487
43	38	0.0584573641896018
43	34	0.0814124276118831
43	1	0.163448521716627
43	12	0.0466548588455846
43	42	0.430810459332907
43	18	0.118742005689353
43	37	0.0510174093006163
43	25	0.129717161986703
43	8	7.60142150377139e-07
43	40	0.000178622937971816
43	13	0.0271434525852243
43	3	0.249958115234349
43	50	0.065758324920911
43	28	0.191935890215249
43	45	5.44269283085056e-05
43	11	0
43	5	0.031727626735253
43	46	4.64732453195973e-05
43	2	5.58316304846493e-05
43	9	0.0335308962825029
43	19	0.0409706688975709
43	47	0.0413125145085469
43	43	
43	20	0.0220515153406775
43	6	0.0497281508633731
43	26	0.00922157739696331
43	33	0.0322863037855491
43	15	0.0690650336186275
43	23	0.000170375569566905
43	22	0.0839375254137589
43	30	0.0739089916948575
43	7	0.0413667571483782
43	35	0.206291532452542
43	14	0.0543227818300755
43	27	0.0823503954282929
43	49	0.0438469185803532
43	41	0.254394196137696
43	16	0.0192529111754068
43	29	0.366411618501949
43	10	0.0369928643741901
43	48	0.131766393185291
43	36	7.92988440225359e-05
43	4	0.0582831392636541
20	24	0
20	17	0.0700139131744584
20	31	0.0922045639626757
20	21	0.0346827875540774
20	39	0.0887688195067407
20	32	0.418392985875559
20	44	0.0211560378833297
20	38	0.0197997561476266
20	34	0.00886803109827057
20	1	0.0686896228112226
20	12	0.0155027837884283
20	42	0.0303273384972281
20	18	0.106124470027489
20	37	0.0344585507851785
20	25	0.0535995986081914
20	8	0.0422829400310336
20	40	0.0363822479747347
20	13	0.0823070909196629
20	3	0.0608287253729129
20	50	0.374945886453901
20	28	0.159645892359762
20	45	0.00185835899566244
20	11	0
20	5	0.011074536071824
20	46	0.193684030383186
20	2	0.0205624053870306
20	9	0.0225221759482469
20	19	0.054928201011901
20	47	0.0283687296912358
20	43	0.0220515153406775
20	20	
20	6	0.111750879428473
20	26	0.0753932217052655
20	33	0.0240950193260548
20	15	0.261162451797448
20	23	0.000117576842958095
20	22	0.0234779943052183
20	30	0.000148746879811251
20	7	0.0280353477235596
20	35	0.363084647554992
20	14	0.0186798027114405
20	27	0.10957207382813
20	49	0.0356090117160672
20	41	0.204218052242468
20	16	0.345130043203627
20	29	7.81355866007165e-05
20	10	0.160480677770813
20	48	0.183128197569395
20	36	0.000105478939594232
20	4	0.228145056685656
6	24	0
6	17	0.323911855943757
6	31	0.0901807967200407
6	21	0.126804471842649
6	39	0.14317105763447
6	32	0.0439234414127958
6	44	0.181157547625158
6	38	0.0453954743729102
6	34	0.0605017580849569
6	1	0.105136484669082
6	12	0.0728446790251571
6	42	0.0501124237749708
6	18	0.288456656399181
6	37	0.108472265011374
6	25	0.132750842334451
6	8	0.018834842464351
6	40	0.000670085047314945
6	13	0.0404965110841507
6	3	0.0691060241482974
6	50	0.0665934539357473
6	28	0.0884597273700415
6	45	0.282881272495525
6	11	0
6	5	0.000261878984405437
6	46	0.455463550602686
6	2	0.157688077304482
6	9	0.334087498578649
6	19	0.481132365072634
6	47	0.105245315096733
6	43	0.0497281508633731
6	20	0.111750879428473
6	6	
6	26	0.425742633512091
6	33	0.161054382944208
6	15	0.231207434795401
6	23	0.000140873528367433
6	22	7.40145076003234e-05
6	30	0.00561137731004807
6	7	0.475933648709871
6	35	0.000181641572101814
6	14	0.0439331651191549
6	27	0.204735077361987
6	49	0.323589666852284
6	41	0.0399485406029563
6	16	0.0328126305517528
6	29	0.0282678974966264
6	10	0.423662649353374
6	48	0.171171111406291
6	36	0.000121101194692647
6	4	0.0665477461378967
26	24	0
26	17	0.338775866449741
26	31	0.0538325261830878
26	21	0.0701200366957416
26	39	0.144167171839943
26	32	0.00474259827687092
26	44	0.299163991465342
26	38	0.000151861154792255
26	34	0.0962914157309614
26	1	0.148004482711552
26	12	0.0337351907858471
26	42	0.039132085986123
26	18	0.303720519045742
26	37	0.179765694885707
26	25	0.140918571558268
26	8	0.136173577924652
26	40	0.000278393587214132
26	13	6.64568592676314e-05
26	3	0.0691264165348621
26	50	1.04479396879916e-05
26	28	0.171750025886444
26	45	0.36977675173347
26	11	0
26	5	0.00440704342381144
26	46	0.574095201996737
26	2	0.213477209059051
26	9	0.408599571791747
26	19	0.250492593604688
26	47	0.146407957009966
26	43	0.00922157739696331
26	20	0.0753932217052655
26	6	0.425742633512091
26	26	
26	33	0.196906077098013
26	15	0.256617745507337
26	23	4.29411707969846e-05
26	22	0.0893255601631375
26	30	0.0444720993465874
26	7	0.505197729103044
26	35	0.0261841041973228
26	14	0.000176431087607922
26	27	0.216386016130576
26	49	0.355740329235929
26	41	0.000101205883519197
26	16	0.111909367648029
26	29	0.0709409107703997
26	10	0.22598669971794
26	48	0.219201715975919
26	36	0.00099276623765532
26	4	0.0333510517901262
33	24	0
33	17	0.21992155064996
33	31	0.0280266593108874
33	21	0.051049790234233
33	39	0.111271651540574
33	32	0.000798040394500404
33	44	0.179074669646906
33	38	0.0591616228864981
33	34	0.142448809819716
33	1	0.0679817589930447
33	12	1.00312573046288e-05
33	42	0.00144306919553896
33	18	0.186606532876092
33	37	0.196089351392417
33	25	0.108985343464314
33	8	0.0621551518882954
33	40	0.286990592842107
33	13	0
33	3	0.0896179533106381
33	50	0.000300697782768981
33	28	0.116883605998377
33	45	0.180991092475289
33	11	0
33	5	0.0237575120786287
33	46	0.207043415623384
33	2	0.144299550386438
33	9	0.183230878057574
33	19	0.152665986031351
33	47	0.140639923134837
33	43	0.0322863037855491
33	20	0.0240950193260548
33	6	0.161054382944208
33	26	0.196906077098013
33	33	
33	15	0.147517289488263
33	23	0.157710846034773
33	22	0.0347133402831929
33	30	0.0728173886340497
33	7	0.267708565221918
33	35	0.00040163357153362
33	14	0.00136388826665413
33	27	0.0970854577319897
33	49	0.306096804633248
33	41	0.0125917293757607
33	16	0.00107948436434877
33	29	4.10192279044309e-05
33	10	0.104743951860475
33	48	0.118821874232947
33	36	0
33	4	0.0296926722837121
15	24	0.00111748758890803
15	17	0.236063757807965
15	31	0.102979945086919
15	21	0.0999514689876638
15	39	0.0878820828701256
15	32	0.0292124846155353
15	44	0.221143690015492
15	38	0.0575534825882903
15	34	0.0968752055210244
15	1	0.122119466769554
15	12	0.0239146528501458
15	42	0.0978583284057369
15	18	0.298913223882666
15	37	0.10630760806956
15	25	0.106025997507809
15	8	0.141214103914241
15	40	0.0797909707417626
15	13	0.026418005097492
15	3	0.0785445971760717
15	50	0.0785943620953153
15	28	0.289017658613191
15	45	0.224867410038347
15	11	0
15	5	0.0164244541179669
15	46	0.199627455406582
15	2	0.0973920767903582
15	9	0.246155496623077
15	19	0.168915035910692
15	47	0.0808636320027067
15	43	0.0690650336186275
15	20	0.261162451797448
15	6	0.231207434795401
15	26	0.256617745507337
15	33	0.147517289488263
15	15	
15	23	0.0732511583374613
15	22	0.0501835284483273
15	30	0.0446029793170144
15	7	0.284785734733461
15	35	0.0201954490527258
15	14	0.0381441040901865
15	27	0.133252822441498
15	49	0.214240317312129
15	41	0.328790349180564
15	16	0.081594690249973
15	29	0.055429372817745
15	10	0.139510904339552
15	48	0.293327075337562
15	36	0.018124159449325
15	4	0.392712408829634
23	24	0
23	17	0.129211780445722
23	31	0.146142656798186
23	21	0.000190848122759569
23	39	8.75579141677248e-05
23	32	9.99801460890911e-05
23	44	0.00017817673862227
23	38	0.000113256741366274
23	34	0.228335218475137
23	1	0.000134277518774815
23	12	0.00783427049224858
23	42	0.00023918637906911
23	18	7.60722202010527e-05
23	37	9.47996614805144e-05
23	25	0.0060911755686044
23	8	0.000123391749385124
23	40	0.262887684250841
23	13	0
