11	11	
11	53	1.39819569407085e-06
11	12	0.0281471429095401
11	50	0.0984799134051834
11	52	0
11	34	0.0431935203972709
11	48	8.90396679545147e-07
11	8	0.1536518276378
11	29	0.0401715700184598
11	3	0.0412024608501411
11	9	0.181924195081678
11	13	0
11	54	0.229875158411701
11	36	1.05397611755543e-06
11	20	3.51936276274646e-06
11	46	0.121141976640592
11	6	2.96433792944556e-06
11	44	8.39463161249535e-05
11	43	0.0475307682969108
11	51	0.0336194666379043
11	24	0.0258438611451808
11	31	0.026743730544711
11	41	6.54503913975619e-05
11	35	0.0513687469870267
11	19	2.63882395027281e-06
11	39	0.000149714279817405
11	49	9.86389649268618e-07
11	23	3.19495621209453e-06
11	22	2.1886839706059e-06
11	21	0.0481106630631949
11	37	0
11	7	5.84906387846647e-05
11	10	0.0436228085219423
11	27	0.0412171141122822
11	30	0.204026991142556
11	4	8.58855158916566e-07
11	18	0.15354880580288
11	32	6.57590933701755e-05
11	45	0.0950885052259476
11	15	0.151341260261575
11	42	9.97094339662373e-05
11	33	0.206927082709224
11	25	0.0968513838627548
11	1	0.180291874978097
11	16	0.0660988237914457
11	17	0.0559810552417045
11	2	0.0436049409659105
11	14	0.464899912660342
11	47	0.0592391060361739
11	38	0
11	5	0.116967942128712
11	26	0.0442372191092304
11	40	2.32267779200448e-06
11	28	0.0259800639781616
53	11	1.39819569407085e-06
53	53	
53	12	0.00758902907412218
53	50	0.451974180655486
53	52	0.365004659296607
53	34	0.516985599568525
53	48	0.402056798182318
53	8	0.0377416386711051
53	29	0.212103044359839
53	3	0.471460853138701
53	9	0.0705217584220051
53	13	0.0840249252439617
53	54	0
53	36	0.0482277949162132
53	20	0.106997977250138
53	46	0.0428193003612655
53	6	0.0990190400719339
53	44	0.109735824632222
53	43	3.63467240591915e-05
53	51	0.430810326225072
53	24	0.27669540150763
53	31	0.274615691779999
53	41	0.0217614589657599
53	35	0.0566155952824721
53	19	2.83734850581852e-05
53	39	0.0491025623859195
53	49	0.467883725230282
53	23	0.121674861564879
53	22	0.135477958903325
53	21	0.305600930823387
53	37	0.0430511658293251
53	7	0.129696264929336
53	10	5.66973790890506e-05
53	27	5.14672274962719e-07
53	30	0.0813962562507672
53	4	8.21822592313084e-05
53	18	0.0416533534133214
53	32	1.31350512661846e-05
53	45	0.000607687147042429
53	15	0.0359615003499821
53	42	0.062018680539185
53	33	0.0559827428872458
53	25	0.513656977195284
53	1	0.0634934759090933
53	16	0.653577908268395
53	17	0.301564683505333
53	2	0.474867133544627
53	14	0.03074622197657
53	47	0.362789908197485
53	38	0.0591251309051539
53	5	0
53	26	3.12755520194434e-05
53	40	0.106209898877264
53	28	0.0121374033793052
12	11	0.0281471429095401
12	53	0.00758902907412218
12	12	
12	50	0.0211049686844537
12	52	0.0105280903411447
12	34	0.0422417801708085
12	48	0.293110861669081
12	8	0.122471296720001
12	29	0.428085522562798
12	3	0.230113661238123
12	9	0.0342161034581543
12	13	0.0657684569049554
12	54	0.0595490916178965
12	36	0.0235514527084266
12	20	0.0174558778240909
12	46	0.0255806387016586
12	6	0.0256946569821955
12	44	0.0522167818055893
12	43	0.0954649396508045
12	51	0.0284872750352761
12	24	0.0332184563230583
12	31	0.0147638903552304
12	41	0.0794223725489175
12	35	0.0543650023258373
12	19	0.210788258356293
12	39	0.112367914917505
12	49	0.010631692893871
12	23	0.0530851841931957
12	22	0.0407872695833491
12	21	0.331243353397173
12	37	0.0043692925780175
12	7	0.076863466648877
12	10	0.0314340905298583
12	27	0.0927095199794553
12	30	0.0098470722055711
12	4	0.00359434610484698
12	18	0.0141779751554615
12	32	0.0285336601057036
12	45	0.0247148782862634
12	15	0.0179871403633943
12	42	0.0238114617979795
12	33	0.0500889694385277
12	25	0.0169589296948356
12	1	0.032273275012847
12	16	0.0813684068930585
12	17	0.364268222334215
12	2	1.49721346810048e-05
12	14	0.0204222363464754
12	47	0.0140528596361936
12	38	0.000808124113758215
12	5	0.0156092300321505
12	26	0.01200463179107
12	40	0.050853185181822
12	28	0.0237152366849638
50	11	0.0984799134051834
50	53	0.451974180655486
50	12	0.0211049686844537
50	50	
50	52	0.0291505597743269
50	34	0.720858001258735
50	48	0.546335761449746
50	8	0.0957311611486863
50	29	0.30821003051852
50	3	0.659137127639725
50	9	0.2753970995808
50	13	0.170268823059421
50	54	0.000154018260643658
50	36	0.0179308238507885
50	20	0.0196806319884458
50	46	0.0716340688170924
50	6	0.000503930277689137
50	44	0.0203045264536439
50	43	2.66923855407877e-05
50	51	0.48214625811982
50	24	0.0767092878595075
50	31	0.436654008849738
50	41	0.0332350273346582
50	35	0.0433632292704815
50	19	0.0569940434861504
50	39	0.0184734236860033
50	49	0.620752984949379
50	23	0.176817686181471
50	22	0.0313966627335485
50	21	0.442242645968802
50	37	0.0406680354822618
50	7	0.0598317865760256
50	10	0.226498070482028
50	27	0.0254557469516011
50	30	0.038386255918093
50	4	0.0152490547509158
50	18	0.157427047002422
50	32	0.0629483392319744
50	45	6.55825206340079e-05
50	15	0.234884644548628
50	42	0.0845747120848265
50	33	0.0413265970917452
50	25	0.0128239510522033
50	1	0.04679353544563
50	16	0.576496805492472
50	17	0.401281071490123
50	2	0.772893082651723
50	14	0.31854603716931
50	47	0.472424836381405
50	38	0.0601707999226445
50	5	0.117437376107134
50	26	0.191851117513643
50	40	0.078045878973379
50	28	0.22913126748761
52	11	0
52	53	0.365004659296607
52	12	0.0105280903411447
52	50	0.0291505597743269
52	52	
52	34	0.0845253110001941
52	48	0.0241368094962694
52	8	0.0263785450580726
52	29	0.0129685781981772
52	3	0.0540181798284221
52	9	0.0838916219753087
52	13	0.0666162049531892
52	54	0
52	36	0.0290270506224058
52	20	0.127204595411102
52	46	0.0260648686607601
52	6	0.0408197044063517
52	44	0.0653136888160791
52	43	4.17140051919753e-05
52	51	0.0626403308866099
52	24	0.154270422335247
52	31	0.0167405542546342
52	41	0.0537605578727092
52	35	0.0342694385982227
52	19	0.00199816854874265
52	39	0.0298083428731014
52	49	0.0534666025771392
52	23	0.119471953291604
52	22	0.0791000779482188
52	21	0.0458260629692981
52	37	0.0258621000058884
52	7	0.132359140839449
52	10	0.0104591751163694
52	27	0.000179737579571538
52	30	0.121812513644483
52	4	0.00204504457956835
52	18	0.0248517140271926
52	32	0.0538311511419055
52	45	0.00010616981766082
52	15	0.0456928628971463
52	42	0.0215597350124183
52	33	0.0335357012649817
52	25	0.317799748861353
52	1	0.0380344454511094
52	16	0.233485287263105
52	17	0.0363717994532887
52	2	0.0570178058973949
52	14	0.0184219578726516
52	47	0.020927424581892
52	38	0.0353924387767271
52	5	0
52	26	0.000701275259888558
52	40	0.063437552741914
52	28	3.07833120419135e-05
34	11	0.0431935203972709
34	53	0.516985599568525
34	12	0.0422417801708085
34	50	0.720858001258735
34	52	0.0845253110001941
34	34	
34	48	0.567912615057131
34	8	0.000103457970948441
34	29	0.299576229374831
34	3	0.701149045991953
34	9	0.0740630304330438
34	13	0.0833182273046299
34	54	0.187890856651105
34	36	0.0640839021973762
34	20	0.0397768742833211
34	46	0.0317254962741741
34	6	2.42293250308224e-06
34	44	0.0407325573778463
34	43	1.87390090537853e-06
34	51	0.513203376170987
34	24	0.122287272630292
34	31	0.387656155746646
34	41	0.0643818652149162
34	35	0.0839705237567246
34	19	0.112949889794236
34	39	0.0416567476957221
34	49	0.629124048691519
34	23	0.0721861422942969
34	22	0.0247262180836697
34	21	0.397184454760409
34	37	0.0638949652622681
34	7	0.110242593274336
34	10	0.134800412526516
34	27	7.6562815975857e-07
34	30	0.0605642435210552
34	4	1.35721418234075e-05
34	18	0.0309320875074079
34	32	0.122498450308914
34	45	0
34	15	0
34	42	0.024081165434188
34	33	0.0833626221944621
34	25	1.26818032849155e-05
34	1	0.0471959849910704
34	16	0.519495025366698
34	17	0.426997748555953
34	2	0.670752258063554
34	14	0.109480601491069
34	47	0.491551967863427
34	38	0.0874832130985288
34	5	0.0464220030376001
34	26	0.0680918514027336
34	40	0.157430426077142
34	28	0.0212350760753573
48	11	8.90396679545147e-07
48	53	0.402056798182318
48	12	0.293110861669081
48	50	0.546335761449746
48	52	0.0241368094962694
48	34	0.567912615057131
48	48	
48	8	9.42831855639908e-07
48	29	0.630618364086431
48	3	0.740552082516001
48	9	1.01676916880116e-05
48	13	0.0713343098224269
48	54	0
48	36	0.0305815096368697
48	20	0.0602418838359642
48	46	0.0392431791374818
48	6	0.000148006587695006
48	44	0.0791925713216394
48	43	8.02185980698189e-07
48	51	0.417219010477529
48	24	8.65069064546534e-06
48	31	0.331958429914039
48	41	0
48	35	0.0359463922324761
48	19	9.23320480481282e-07
48	39	0.0312694129233713
48	49	0.538634852201989
48	23	0.0309016934582634
48	22	0.0306608904010992
48	21	0.707873394058691
48	37	0.0273523777183061
48	7	0.0235949567905333
48	10	2.69074489894503e-05
48	27	3.27752750651462e-07
48	30	0.0259107390054893
48	4	1.13195067136621e-05
48	18	0.0273244024531055
48	32	0
48	45	0
48	15	0.000729093245298952
48	42	0.0285860640832499
48	33	0.0356269044708936
48	25	1.03237626786999e-05
48	1	0.0404066664544662
48	16	0.432396050824938
48	17	0.703623504361361
48	2	0.574379805644072
48	14	0.0196466119891286
48	47	0.430762572699402
48	38	0.0375945973320457
48	5	0
48	26	3.51217768261857e-07
48	40	0.0673933612881816
48	28	6.2350190650525e-05
8	11	0.1536518276378
8	53	0.0377416386711051
8	12	0.122471296720001
8	50	0.0957311611486863
8	52	0.0263785450580726
8	34	0.000103457970948441
8	48	9.42831855639908e-07
8	8	
8	29	0.0438714867600822
8	3	1.05223448641517e-06
8	9	0.257609860567951
8	13	0.360439922599618
8	54	0.000538906065235038
8	36	1.11604443451268e-06
8	20	0.0480003181876454
8	46	0.126578307824301
8	6	0.0433849858377086
8	44	0.038606611437864
8	43	2.42763691033878e-06
8	51	0.114968322988002
8	24	0.0810087111338629
8	31	0.0936636773608188
8	41	0.00240184165918128
8	35	0.00271791685527325
8	19	0.00212758766651392
8	39	0.0120765075504999
8	49	0.0288718451741263
8	23	0.160287474338277
8	22	0.128587162317074
8	21	0.113404381005433
8	37	0.0124444788033325
8	7	0.0804160223404939
8	10	0.10170744428799
8	27	0.0685055097439812
8	30	0.0262301008198143
8	4	0.0115469332847016
8	18	0.152531565258706
8	32	0.00241317013625014
8	45	0.134289227842279
8	15	0.191347545342822
8	42	0.0818890012455828
8	33	0.0900380238146768
8	25	0.0697516570193684
8	1	0.173025416497961
8	16	0.164448368234177
8	17	0.0875702799652946
8	2	0.0967170443966673
8	14	0.125515357468467
8	47	0.0276058763979872
8	38	0
8	5	0.0850884594743657
8	26	0.184129834400235
8	40	2.45945954538811e-06
8	28	0.234189979338572
29	11	0.0401715700184598
29	53	0.212103044359839
29	12	0.428085522562798
29	50	0.30821003051852
29	52	0.0129685781981772
29	34	0.299576229374831
29	48	0.630618364086431
29	8	0.0438714867600822
29	29	
29	3	0.719209633568729
29	9	0.0498596163503458
29	13	0.0376256707153602
29	54	0.000140890416534487
29	36	0.0166747679125379
29	20	0.0192277349856802
29	46	0.0673922173240464
29	6	0.000766915330148689
29	44	0.0199474992180355
29	43	4.88344862670742e-05
29	51	0.232646812790865
29	24	0.0340226693096573
29	31	0.195780958628323
29	41	0.000238752201554278
29	35	0.0197147201197074
29	19	3.81218556084034e-05
29	39	0.0172497724274057
29	49	0.284147001406026
29	23	0.0419166106979822
29	22	0.0286846983442769
29	21	0.653561133832673
29	37	0.0373445877712029
29	7	0.012717961332769
29	10	7.72802302514563e-05
29	27	0.0154171914318567
29	30	0.0351229128294002
29	4	8.50342829152962e-05
29	18	0.0428181861380465
29	32	3.30964037833547e-05
29	45	0.0351182791574453
29	15	0.018911917681028
29	42	0.0556468725182193
29	33	0.0579050447992098
29	25	0.0241467621068044
29	1	0.088220325807649
29	16	0.235530503215977
29	17	0.753933801265148
29	2	0.319009777773714
29	14	0.010491188188921
29	47	0.221987323949955
29	38	0.0202009387401726
29	5	0.10870915846272
29	26	0.0800523394054231
29	40	0.0361474762108405
29	28	0.000629634575396755
3	11	0.0412024608501411
3	53	0.471460853138701
3	12	0.230113661238123
3	50	0.659137127639725
3	52	0.0540181798284221
3	34	0.701149045991953
3	48	0.740552082516001
3	8	1.05223448641517e-06
3	29	0.719209633568729
3	3	
3	9	0.0504636089749077
3	13	0.0795764853097603
3	54	0
3	36	0.0347138302631166
3	20	0.0379891597637678
3	46	0.0306039580254262
3	6	0.000681223591613603
3	44	0.0393587380671162
3	43	8.95268597852498e-07
3	51	0.490536382953297
3	24	0.0607853378871219
3	31	0.37059885746343
3	41	0.0617745403466393
3	35	0.0808019199684334
3	19	0.0284843340665285
3	39	0.0356395104629794
3	49	0.601135996500033
3	23	0.069175983640257
3	22	0.0236947061489317
3	21	0.648029827814791
3	37	0.0307425134646275
3	7	0.105468365694859
3	10	0.0339564034540755
3	27	0.00021526145039854
3	30	0.0289045421333317
3	4	0.0106338233959863
3	18	0.0590566095259723
3	32	0.030878261259656
3	45	0.000410734508269992
3	15	0
3	42	0.0229125670334032
3	33	0.0798030422808932
3	25	0.0247094330392565
3	1	0.0905089972989848
3	16	0.496561524772142
3	17	0.690665831961872
3	2	0.674966860234445
3	14	0.0438192348779148
3	47	0.469631593141761
3	38	0.0839730091306839
3	5	0.0885663739464185
3	26	0.065238495357265
3	40	0.151179541469513
3	28	0.0203496974804452
9	11	0.181924195081678
9	53	0.0705217584220051
9	12	0.0342161034581543
9	50	0.2753970995808
9	52	0.0838916219753087
9	34	0.0740630304330438
9	48	1.01676916880116e-05
9	8	0.257609860567951
9	29	0.0498596163503458
9	3	0.0504636089749077
9	9	
9	13	0.31765847972677
9	54	0.000231433876958127
9	36	0.000906711477457673
9	20	0.088488626807228
9	46	0.124067741980672
9	6	0.112839153316591
9	44	0.119830866671638
9	43	0.000825751503731226
9	51	0.156213929481131
9	24	0.126505414090884
9	31	0.143084718331884
9	41	0.0901984059873457
9	35	0.0329191074818856
9	19	0.0651222211774676
9	39	0.0020177562864231
9	49	0.0743919056661655
9	23	0.43977361092476
9	22	0.239936483468178
9	21	0.13231884602133
9	37	0.0745441445294688
9	7	0.32932537377528
9	10	0.218462805381983
9	27	0.0253242232173354
9	30	0.151501115349341
9	4	9.8075101369233e-06
9	18	0.191298996622932
9	32	0.0506663138424701
9	45	0.0582919914384951
9	15	0.522842687930691
9	42	0.11198024145326
9	33	0.0332983763607309
9	25	0.0960404912577199
9	1	0.0748016077659787
9	16	0.279169110689214
9	17	0.0501617851322038
9	2	0.166107452379538
9	14	0.50048253278372
9	47	0.000595664144944142
9	38	0.0331120079902416
9	5	0.287206604832441
9	26	0.394222992404959
9	40	0.0595614127275665
9	28	0.313198165759068
13	11	0
13	53	0.0840249252439617
13	12	0.0657684569049554
13	50	0.170268823059421
13	52	0.0666162049531892
13	34	0.0833182273046299
13	48	0.0713343098224269
13	8	0.360439922599618
13	29	0.0376256707153602
13	3	0.0795764853097603
13	9	0.31765847972677
13	13	
13	54	0
13	36	0.0422010942877408
13	20	0.0939848195239289
13	46	0.0374988833664692
13	6	0.118691782837934
13	44	0.0960877347934581
13	43	0
13	51	0.12239300662273
13	24	0.0998444783668943
13	31	0.100806024572608
13	41	0.0380015240398301
13	35	0.0992063845198396
13	19	0.0352194123058817
13	39	0.0431503695785689
13	49	0.078989878233265
13	23	0.261883002758508
13	22	0.116846238507232
13	21	0.0933619166918602
13	37	0.0377454940828312
13	7	0.162752747738074
13	10	0.173960635210013
13	27	0
13	30	0.142989242170443
13	4	3.04117908743668e-05
13	18	0.151272491029928
13	32	0.0381807612480869
13	45	0
13	15	0.261761346106306
13	42	0.0567105267736715
13	33	0.0491635099970301
13	25	0.0305793292363341
13	1	0.055758692039629
13	16	0.19018375775292
13	17	0.0509453386879134
13	2	0.174389134204285
13	14	0.223646993511681
13	47	0.0308823202402702
13	38	0.10340584942351
13	5	0.109511722496989
13	26	0.24683007968233
13	40	0.185999555146974
13	28	0.261529352248504
54	11	0.229875158411701
54	53	0
54	12	0.0595490916178965
54	50	0.000154018260643658
54	52	0
54	34	0.187890856651105
54	48	0
54	8	0.000538906065235038
54	29	0.000140890416534487
54	3	0
54	9	0.000231433876958127
54	13	0
54	54	
54	36	0
54	20	0
54	46	0
54	6	0
54	44	0.000359962410885615
54	43	0
54	51	0
54	24	0
54	31	0
54	41	0.00028472146294443
54	35	0
54	19	0
54	39	0.000646597033325609
54	49	0
54	23	0
54	22	0
54	21	0
54	37	0
54	7	0.000243837619393196
54	10	0.000629162194571838
54	27	0
54	30	0.000267772860390862
54	4	0
54	18	0
54	32	0.000286064374352285
54	45	0
54	15	0
54	42	0.000424520796774515
54	33	0.222203569977327
54	25	0
54	1	0
54	16	0
54	17	0.000190682021505937
54	2	0
54	14	0.00020225879517419
54	47	0.000231177312934638
54	38	0
54	5	0.000410251149483197
54	26	0.000301124825814514
54	40	0
54	28	0
36	11	1.05397611755543e-06
36	53	0.0482277949162132
36	12	0.0235514527084266
36	50	0.0179308238507885
36	52	0.0290270506224058
36	34	0.0640839021973762
36	48	0.0305815096368697
36	8	1.11604443451268e-06
36	29	0.0166747679125379
36	3	0.0347138302631166
36	9	0.000906711477457673
36	13	0.0422010942877408
36	54	0
36	36	
36	20	0.181605330691808
36	46	0.13709363887902
36	6	0.00171742765251526
36	44	0.0422589965558932
36	43	0.0740786828472818
36	51	0.240732134392969
36	24	0.000252061800030065
36	31	0.340263178842959
36	41	0.000557544224413915
36	35	0.129310924940507
36	19	0.215671956290178
36	39	0.0385874660762615
36	49	0.275731111787456
36	23	0.0369900745488085
36	22	0.0251989413401915
36	21	0.019443215411947
36	37	0.033097207475497
36	7	0.0284629569297314
36	10	0
36	27	0.000456242845522248
36	30	0.280169155621077
36	4	0.0959102455588981
36	18	0.13314887561
36	32	0
36	45	0.000435642404744528
36	15	0.193450239108556
36	42	0.0243673399631846
36	33	0.5053578740664
36	25	0.000141479107936845
36	1	0.0486362183598072
36	16	0.0270112561775709
36	17	0.0223165491445577
36	2	0.036120167160219
36	14	0.0234844886922814
36	47	0.0264672284117371
36	38	0.0454257880784533
36	5	0
36	26	0.000581547465688348
36	40	0.242777377268109
36	28	6.34154905061389e-05
20	11	3.51936276274646e-06
20	53	0.106997977250138
20	12	0.0174558778240909
20	50	0.0196806319884458
20	52	0.127204595411102
20	34	0.0397768742833211
20	48	0.0602418838359642
20	8	0.0480003181876454
20	29	0.0192277349856802
20	3	0.0379891597637678
20	9	0.088488626807228
20	13	0.0939848195239289
20	54	0
20	36	0.181605330691808
20	20	
20	46	0.165451758454387
20	6	0.0569690443480762
20	44	0.174141916635299
20	43	0.0824548859232577
20	51	0.127830682814492
20	24	0.0417649837690305
20	31	0.0234952217622491
20	41	0
20	35	0.0478727828282757
20	19	9.40077363502473e-05
20	39	0.164373719762251
20	49	0.0755182000078364
20	23	0.122360171339345
20	22	0.257425368364777
20	21	0.0944886028032751
20	37	0.0498842217956426
20	7	0.136160949822209
20	10	3.54512680282181e-05
20	27	0.0134714038007259
20	30	0.102475745694056
20	4	0.119118115709257
20	18	0.161346621478169
20	32	0
20	45	0.215921688864894
20	15	0.0603451842785262
20	42	0.0750057687986911
20	33	0.229097778483485
20	25	0.105581545756055
20	1	0.0533824615541556
20	16	0.0887783871655417
20	17	0.0336580306936646
20	2	0.0402042750521288
20	14	0.0931613228496386
20	47	0.117549831537746
20	38	0.0497609088454557
20	5	0
20	26	0.000104501121732983
20	40	0.0890332566548378
20	28	0.00953033972303279
46	11	0.121141976640592
46	53	0.0428193003612655
46	12	0.0255806387016586
46	50	0.0716340688170924
46	52	0.0260648686607601
46	34	0.0317254962741741
46	48	0.0392431791374818
46	8	0.126578307824301
46	29	0.0673922173240464
46	3	0.0306039580254262
46	9	0.124067741980672
46	13	0.0374988833664692
46	54	0
46	36	0.13709363887902
46	20	0.165451758454387
46	46	
46	6	0.000762903376610315
46	44	0.0727367813068598
46	43	0.035000759929922
46	51	0.0818980784309787
46	24	0.0633004799235887
46	31	0.0581827849593934
46	41	0.000307453832335377
46	35	0.0807668330817795
46	19	3.70063013647778e-05
46	39	0.0459202839111444
46	49	0.0301174175146212
46	23	0.0838956113186643
46	22	0.0670827208177579
46	21	0.0756619362406496
46	37	0.0848978896174203
46	7	0.0343758805820567
46	10	4.76100324667765e-05
46	27	0.0715684346813339
46	30	0.0975837469663238
46	4	0.17996359835712
46	18	0.363606129349964
46	32	1.75806649703618e-05
46	45	0.140284830231052
46	15	0.0619551190334507
46	42	0.0891922708669615
46	33	0.252834372673514
46	25	0.0494701041479006
46	1	0.22306998976543
46	16	0.107925618300381
46	17	0.117969135588159
46	2	0.0320865471168703
46	14	0.0207218513985639
46	47	0.0663137985089345
46	38	0.0399261260654326
46	5	0.219074095323847
46	26	0.163847684538592
46	40	0.0716278777345332
46	28	0.0263603567896261
6	11	2.96433792944556e-06
6	53	0.0990190400719339
6	12	0.0256946569821955
6	50	0.000503930277689137
6	52	0.0408197044063517
6	34	2.42293250308224e-06
6	48	0.000148006587695006
6	8	0.0433849858377086
6	29	0.000766915330148689
6	3	0.000681223591613603
6	9	0.112839153316591
6	13	0.118691782837934
6	54	0
6	36	0.00171742765251526
6	20	0.0569690443480762
6	46	0.000762903376610315
6	6	
6	44	0.0590878606815366
6	43	0.000151447923575694
6	51	0.145540511163977
6	24	2.17812398200688e-06
6	31	0.000832507143006696
6	41	0.000649527183540589
6	35	0.00234312523739523
6	19	0.000117236245564875
6	39	0.00221385122907986
6	49	0.0477706895788784
6	23	0.103155378880111
6	22	0.17392910271046
6	21	7.69919356149664e-05
6	37	0.00101220254972017
6	7	0.118543408016828
6	10	0
6	27	0.000642143598693179
6	30	0.0863406069443041
6	4	0.000223938145378286
6	18	0.000239883799109154
6	32	0
6	45	0
6	15	0.0762425745832829
6	42	0.000327880917193015
6	33	0.00100110120922339
6	25	0.163523649652422
6	1	0.00113701904816594
6	16	0.075467913242589
6	17	0.000683965477351323
6	2	0.000174812255897007
6	14	0.000573478268136583
6	47	8.97675366723221e-07
6	38	0.00159821902454472
6	5	0.0660502960282303
6	26	0.000818394070243479
6	40	0.00189372544376813
6	28	0.000104154104827743
44	11	8.39463161249535e-05
44	53	0.109735824632222
44	12	0.0522167818055893
44	50	0.0203045264536439
44	52	0.0653136888160791
44	34	0.0407325573778463
44	48	0.0791925713216394
44	8	0.038606611437864
44	29	0.0199474992180355
44	3	0.0393587380671162
44	9	0.119830866671638
44	13	0.0960877347934581
44	54	0.000359962410885615
44	36	0.0422589965558932
44	20	0.174141916635299
44	46	0.0727367813068598
44	6	0.0590878606815366
44	44	
44	43	0.000121524662829685
44	51	0.126528730421096
44	24	0.0710014075618813
44	31	0.0243283203490857
44	41	0.000542452422245273
44	35	0.053244757974616
44	19	0.0325941999344829
44	39	0.0431744900545072
44	49	0.077241133286599
44	23	0.125639114468889
44	22	0.16881247115646
44	21	0.0440790254620366
44	37	0.0401550130840795
44	7	0.12757556132179
44	10	0.201952772208771
44	27	0.000259925844634069
44	30	0.0699548286445238
44	4	0.000180885668162237
44	18	0.0414335101589643
44	32	6.20139435835671e-05
44	45	0.000991914843877321
44	15	0.0617226914228096
44	42	0.331884592787238
44	33	0.0486397258190772
44	25	0.0581904419715598
44	1	0.054984171214181
44	16	0.117931908791765
44	17	0.0473901280295912
44	2	0.0411210313543306
44	14	0.0285502200135386
44	47	0.056997667915433
44	38	0.0515056735164186
44	5	8.89355471010657e-05
44	26	0.00368454562510989
44	40	0.0922399120982625
44	28	0.23983704518392
43	11	0.0475307682969108
43	53	3.63467240591915e-05
43	12	0.0954649396508045
43	50	2.66923855407877e-05
43	52	4.17140051919753e-05
43	34	1.87390090537853e-06
43	48	8.02185980698189e-07
43	8	2.42763691033878e-06
43	29	4.88344862670742e-05
43	3	8.95268597852498e-07
43	9	0.000825751503731226
43	13	0
43	54	0
43	36	0.0740786828472818
43	20	0.0824548859232577
43	46	0.035000759929922
43	6	0.000151447923575694
43	44	0.000121524662829685
43	43	
43	51	0.00163558167124849
43	24	0.394623863557805
43	31	0.000122563782145415
43	41	0.138792619921714
43	35	0.0478533102433104
43	19	4.65240740518854e-05
43	39	0.15759867247782
43	49	5.03946134934185e-05
43	23	0.000109779614216779
43	22	3.85878319446495e-05
43	21	3.12942642045378e-05
43	37	0.000141939173157248
43	7	0.000953060593571782
43	10	0
43	27	0.397027883509273
43	30	0.0333888043105159
43	4	8.69839922272891e-05
43	18	0.0341561304205575
43	32	0
43	45	0
43	15	0.0303271913745552
43	42	0.000794127044829924
43	33	0.0862386976602023
43	25	7.79680580796117e-05
43	1	7.24013967517071e-05
43	16	0.0289298213279487
43	17	9.68487756283795e-05
43	2	9.47470941116324e-07
43	14	6.07416824910991e-07
43	47	0.029610448824892
43	38	0.000194253281589546
43	5	0.00146253594918556
43	26	0.279787707073218
43	40	0.000118665529068155
43	28	0.0474820386574029
51	11	0.0336194666379043
51	53	0.430810326225072
51	12	0.0284872750352761
51	50	0.48214625811982
51	52	0.0626403308866099
51	34	0.513203376170987
51	48	0.417219010477529
51	8	0.114968322988002
51	29	0.232646812790865
51	3	0.490536382953297
51	9	0.156213929481131
51	13	0.12239300662273
51	54	0
51	36	0.240732134392969
51	20	0.127830682814492
51	46	0.0818980784309787
51	6	0.145540511163977
51	44	0.126528730421096
51	43	0.00163558167124849
51	51	
51	24	0.0656575230674559
51	31	0.535656224009795
51	41	0.0311850489342309
51	35	0.096937681728906
51	19	0.213400929460863
51	39	0.0390314646726846
51	49	0.750609855352381
51	23	0.134699660269112
51	22	0.162212242739511
51	21	0.289197295407532
51	37	0.0324796470142009
51	7	0.170829231743616
51	10	0.0279944306545474
51	27	0.0336878962036073
51	30	0.225667023516617
51	4	0.00806652109309845
51	18	0.0780737051622648
51	32	0.0254357447030828
51	45	0.0571309664098857
51	15	0.252688120286118
51	42	0.0362679236282335
51	33	0.105299248450943
51	25	0.0581768889219913
51	1	0.143177733519601
51	16	0.459998439290864
51	17	0.337634729929588
51	2	0.492786349373988
51	14	0.0337057938505468
51	47	0.369415807389063
51	38	0.0644974178479572
51	5	0.0721294784162367
51	26	0.0828046345764505
51	40	0.233082447301857
51	28	0.0223714018214993
24	11	0.0258438611451808
24	53	0.27669540150763
24	12	0.0332184563230583
24	50	0.0767092878595075
24	52	0.154270422335247
24	34	0.122287272630292
24	48	8.65069064546534e-06
24	8	0.0810087111338629
24	29	0.0340226693096573
24	3	0.0607853378871219
24	9	0.126505414090884
24	13	0.0998444783668943
24	54	0
24	36	0.000252061800030065
24	20	0.0417649837690305
24	46	0.0633004799235887
24	6	2.17812398200688e-06
24	44	0.0710014075618813
24	43	0.394623863557805
24	51	0.0656575230674559
24	24	
24	31	0.000165739490219035
24	41	0.0778948243298728
24	35	0.0762218877742761
24	19	0.137186206613368
24	39	0.0328104623756192
24	49	7.24775313007978e-07
24	23	0.0560186026881829
24	22	0.0834694450811097
24	21	0.0595169707680967
24	37	0.0443928281504225
24	7	0.0789449092412297
24	10	0.102026798519393
24	27	0.307269284364481
24	30	0.0578621704564599
24	4	0.0164773358645699
24	18	0.0324831608593113
24	32	0.13149529622124
24	45	0.00105700676350798
24	15	0.0598377618688364
24	42	0.112795833950654
24	33	0.0187628991598713
24	25	0.250496256380557
24	1	2.04646592094219e-06
24	16	0.146526210038324
24	17	0.0289258903347097
24	2	1.36876502629302e-05
24	14	0.0655899821653179
24	47	0.0806147639484682
24	38	0.0527369772553038
24	5	0.143316782614493
24	26	0.490353240555833
24	40	0.0949036403802234
24	28	0.0824767713992652
31	11	0.026743730544711
31	53	0.274615691779999
31	12	0.0147638903552304
31	50	0.436654008849738
31	52	0.0167405542546342
31	34	0.387656155746646
31	48	0.331958429914039
31	8	0.0936636773608188
31	29	0.195780958628323
31	3	0.37059885746343
31	9	0.143084718331884
31	13	0.100806024572608
31	54	0
31	36	0.340263178842959
31	20	0.0234952217622491
31	46	0.0581827849593934
31	6	0.000832507143006696
31	44	0.0243283203490857
31	43	0.000122563782145415
31	51	0.535656224009795
31	24	0.000165739490219035
31	31	
31	41	0.000211069936366226
31	35	0.0254417394881965
31	19	0.283579397846668
31	39	0.0217980987233835
31	49	0.646603466967365
31	23	0.0877310040181628
31	22	0.0146368403339205
31	21	0.256797383604832
31	37	0.0191265686317799
31	7	0.0164124292018997
31	10	0.0652871427966069
31	27	0.0198198105794158
31	30	0.287795284867283
31	4	0.0306000075891969
31	18	0.130313007822912
31	32	2.28387591102476e-05
31	45	0.0457248691214008
31	15	0.356283338858277
31	42	0.0392496120109128
31	33	0.0504296247835673
31	25	0.0162258202312098
31	1	0.0864648207252601
31	16	0.352922041659231
31	17	0.278299499460114
31	2	0.457528137765707
31	14	0.110754842557679
31	47	0.287264724065033
31	38	0.026330001409514
31	5	0.0287434110442844
31	26	0.0884974774928229
31	40	0.0467107354690404
31	28	0.117048762538359
41	11	6.54503913975619e-05
41	53	0.0217614589657599
41	12	0.0794223725489175
41	50	0.0332350273346582
41	52	0.0537605578727092
41	34	0.0643818652149162
41	48	0
41	8	0.00240184165918128
41	29	0.000238752201554278
41	3	0.0617745403466393
41	9	0.0901984059873457
41	13	0.0380015240398301
41	54	0.00028472146294443
41	36	0.000557544224413915
41	20	0
41	46	0.000307453832335377
41	6	0.000649527183540589
41	44	0.000542452422245273
41	43	0.138792619921714
41	51	0.0311850489342309
41	24	0.0778948243298728
41	31	0.000211069936366226
41	41	
41	35	0.0399776079913535
41	19	0.0294494349879442
41	39	0.131302578202553
41	49	0
41	23	0.0660883121667118
41	22	7.98608533281008e-05
41	21	0.0348905928770858
41	37	0.000224186678224563
41	7	0.104320817038758
41	10	0.0379122808317063
41	27	0.112790074180726
41	30	0.0171276396050979
41	4	0.00220828332781823
41	18	1.70521718479586e-05
41	32	0.443561666337553
41	45	0.000432702608984118
41	15	0.000698882861510861
41	42	0.000712538085734058
41	33	0.000395364172046345
41	25	1.42692566106191e-05
41	1	0.000305133054137867
41	16	0.0241037100114775
41	17	0.0214526452669079
41	2	1.96663879311208e-05
41	14	0.0442190656367065
41	47	0.000736400361288509
41	38	0.0403009648631778
41	5	0.0435758748732998
41	26	0.062360175065258
41	40	0.0725547994376098
41	28	0.0604394965581012
35	11	0.0513687469870267
35	53	0.0566155952824721
35	12	0.0543650023258373
35	50	0.0433632292704815
35	52	0.0342694385982227
35	34	0.0839705237567246
35	48	0.0359463922324761
35	8	0.00271791685527325
35	29	0.0197147201197074
35	3	0.0808019199684334
35	9	0.0329191074818856
35	13	0.0992063845198396
35	54	0
35	36	0.129310924940507
35	20	0.0478727828282757
35	46	0.0807668330817795
35	6	0.00234312523739523
35	44	0.053244757974616
35	43	0.0478533102433104
35	51	0.096937681728906
35	24	0.0762218877742761
35	31	0.0254417394881965
35	41	0.0399776079913535
35	35	
35	19	0.0357042498000428
35	39	0.0466023678743105
35	49	0.0400357531601448
35	23	0.0465290743908337
35	22	0.0318181290478474
35	21	0.0228787110869238
35	37	0.0749342569943571
35	7	0.0674062862159582
35	10	0.0453547029777247
35	27	0.0332048539674076
35	30	0.108319559500998
35	4	0.000394895423333477
35	18	0.0767782924396289
35	32	0.0412433068712462
35	45	5.27501202996274e-05
35	15	0.0327752381394479
35	42	0.0295552650089201
35	33	0.0505390755999692
35	25	0.000351957792545898
35	1	0.0573208207280315
35	16	0.0630749464834716
35	17	0.0866733882092511
35	2	0.0424823611489665
35	14	0.0568427655524828
35	47	0.0631290460218907
35	38	0.150737068590324
35	5	0.0567875414317644
35	26	0.122359312099972
35	40	0.470665547795189
35	28	0.0731825252016202
19	11	2.63882395027281e-06
19	53	2.83734850581852e-05
19	12	0.210788258356293
19	50	0.0569940434861504
19	52	0.00199816854874265
19	34	0.112949889794236
19	48	9.23320480481282e-07
19	8	0.00212758766651392
19	29	3.81218556084034e-05
19	3	0.0284843340665285
19	9	0.0651222211774676
19	13	0.0352194123058817
19	54	0
19	36	0.215671956290178
19	20	9.40077363502473e-05
19	46	3.70063013647778e-05
19	6	0.000117236245564875
19	44	0.0325941999344829
19	43	4.65240740518854e-05
19	51	0.213400929460863
19	24	0.137186206613368
19	31	0.283579397846668
19	41	0.0294494349879442
19	35	0.0357042498000428
19	19	
19	39	1.11753340686476e-06
19	49	0.247273492113685
19	23	8.53423251551306e-05
19	22	0.0197912924522211
19	21	0.0161598665765556
19	37	0.000108915179864401
19	7	0.0233630525784641
19	10	0.118847984769939
19	27	9.71344377237222e-07
19	30	0.182615563505795
19	4	0.00209877155790611
19	18	0.0262102083614811
19	32	0.105818651668961
19	45	0
19	15	0.184069597829998
19	42	2.94502156903449e-05
19	33	4.85606096145091e-05
19	25	0.0207282670944256
19	1	5.6518984918169e-05
19	16	3.05874983467432e-05
19	17	0.00157839339855182
19	2	1.09054426983649e-06
19	14	0.0732237314964741
19	47	7.99101625273276e-07
19	38	0.0371290494044025
19	5	0.0391982082183419
19	26	0.0575827597887837
19	40	0.0666678305800812
19	28	0.0179606947292616
39	11	0.000149714279817405
39	53	0.0491025623859195
39	12	0.112367914917505
39	50	0.0184734236860033
39	52	0.0298083428731014
39	34	0.0416567476957221
39	48	0.0312694129233713
39	8	0.0120765075504999
39	29	0.0172497724274057
39	3	0.0356395104629794
39	9	0.0020177562864231
39	13	0.0431503695785689
39	54	0.000646597033325609
39	36	0.0385874660762615
39	20	0.164373719762251
39	46	0.0459202839111444
39	6	0.00221385122907986
39	44	0.0431744900545072
39	43	0.15759867247782
39	51	0.0390314646726846
39	24	0.0328104623756192
39	31	0.0217980987233835
39	41	0.131302578202553
39	35	0.0466023678743105
39	19	1.11753340686476e-06
39	39	
39	49	0.034640543877675
39	23	0.115595728322568
39	22	0.193394879119676
39	21	0.138535385823449
39	37	0.0462627557207807
39	7	0.100480385999536
39	10	0.000244999246607481
39	27	0.140912841972454
39	30	0.0314512630137821
39	4	0.0113461741101485
39	18	0.044070101833216
39	32	0.000111395053298212
39	45	0.198355874015769
39	15	0.01074444665828
39	42	0.0257254021371556
39	33	0.117506095763109
39	25	0.0700382973799171
39	1	0.0499453059738771
39	16	0.0636173375872592
39	17	0.0312677762109018
39	2	0.0369326575177436
39	14	0.0861428809427764
39	47	0.144588064484899
39	38	0.0462703784592089
39	5	0.00153473003776652
39	26	0.000866903814321332
39	40	0.083302662412976
39	28	0.037975325516176
49	11	9.86389649268618e-07
49	53	0.467883725230282
49	12	0.010631692893871
49	50	0.620752984949379
49	52	0.0534666025771392
49	34	0.629124048691519
49	48	0.538634852201989
49	8	0.0288718451741263
49	29	0.284147001406026
49	3	0.601135996500033
49	9	0.0743919056661655
49	13	0.078989878233265
49	54	0
49	36	0.275731111787456
49	20	0.0755182000078364
49	46	0.0301174175146212
49	6	0.0477706895788784
49	44	0.077241133286599
49	43	5.03946134934185e-05
49	51	0.750609855352381
49	24	7.24775313007978e-07
49	31	0.646603466967365
49	41	0
49	35	0.0400357531601448
49	19	0.247273492113685
49	39	0.034640543877675
49	49	
49	23	0.102789053054301
49	22	0.0938338340085131
49	21	0.340545609648653
49	37	0.0304233533133214
49	7	0.104576002793588
49	10	0
49	27	3.63087518393568e-07
49	30	0.262164693515717
49	4	0.0269687697668763
49	18	0.058700028503847
49	32	0
49	45	0
49	15	0.257154825405003
49	42	0.0227742214819014
49	33	0.0789881782979827
49	25	0.0245931922449074
49	1	0.0895848170083316
49	16	0.517618143506311
49	17	0.384593388735044
49	2	0.63618772032103
49	14	0.0216714717444396
49	47	0.466169650649449
49	38	0.0416364002030899
49	5	0
49	26	4.37390478767749e-05
49	40	0.0747592966509551
49	28	2.42876727543379e-07
23	11	3.19495621209453e-06
23	53	0.121674861564879
23	12	0.0530851841931957
23	50	0.176817686181471
23	52	0.119471953291604
23	34	0.0721861422942969
23	48	0.0309016934582634
23	8	0.160287474338277
23	29	0.0419166106979822
23	3	0.069175983640257
23	9	0.43977361092476
23	13	0.261883002758508
23	54	0
23	36	0.0369900745488085
23	20	0.122360171339345
23	46	0.0838956113186643
23	6	0.103155378880111
23	44	0.125639114468889
23	43	0.000109779614216779
23	51	0.134699660269112
23	24	0.0560186026881829
23	31	0.0877310040181628
23	41	0.0660883121667118
23	35	0.0465290743908337
23	19	8.53423251551306e-05
23	39	0.115595728322568
23	49	0.102789053054301
23	23	
23	22	0.295656958832629
23	21	0.120168626637309
23	37	0.0842205639718461
23	7	0.313018741554485
23	10	0.116920758242424
23	27	1.17605524681414e-06
23	30	0.142071904388196
23	4	0.00017928821024368
23	18	0.131250968987315
23	32	0.00236235311952713
23	45	0.000925732992258725
23	15	0.328076206618247
23	42	0.10447764467533
23	33	0.0427281516846414
23	25	0.0531222173117758
23	1	0.0484617922780567
23	16	0.245451580628759
23	17	0.0444884457756608
23	2	0.151173863120557
23	14	0.17040583977335
23	47	0.0267605066560865
23	38	0.0453972645848668
23	5	0.148609684604458
23	26	0.218909768113231
23	40	0.0812994969936168
23	28	0.205075046628471
22	11	2.1886839706059e-06
22	53	0.135477958903325
22	12	0.0407872695833491
22	50	0.0313966627335485
22	52	0.0791000779482188
22	34	0.0247262180836697
22	48	0.0306608904010992
22	8	0.128587162317074
22	29	0.0286846983442769
22	3	0.0236947061489317
22	9	0.239936483468178
22	13	0.116846238507232
22	54	0
22	36	0.0251989413401915
22	20	0.257425368364777
22	46	0.0670827208177579
22	6	0.17392910271046
22	44	0.16881247115646
22	43	3.85878319446495e-05
22	51	0.162212242739511
22	24	0.0834694450811097
22	31	0.0146368403339205
22	41	7.98608533281008e-05
22	35	0.0318181290478474
22	19	0.0197912924522211
22	39	0.193394879119676
22	49	0.0938338340085131
22	23	0.295656958832629
22	22	
22	21	0.136015704636323
22	37	0.362275390354905
22	7	0.473883883344591
22	10	1.50738593143255e-05
22	27	0.248557209451821
22	30	0.344866767748364
22	4	6.79524217387026e-05
22	18	0.0233617741765326
22	32	1.37074165327476e-05
22	45	0.268895063993561
22	15	0.141964006729651
22	42	0.29892933982965
22	33	0.0677926892702836
22	25	0.166452167564374
22	1	0.0331539532640074
22	16	0.161279367760099
22	17	0.021897449463871
22	2	0.0696351136969835
22	14	0.101060877766472
22	47	0.161910660752265
22	38	0.0309902773145209
22	5	0.101804097764878
22	26	0.0747572535645244
22	40	0.0554574472329073
22	28	0.0636791965897766
21	11	0.0481106630631949
21	53	0.305600930823387
21	12	0.331243353397173
21	50	0.442242645968802
21	52	0.0458260629692981
21	34	0.397184454760409
21	48	0.707873394058691
21	8	0.113404381005433
21	29	0.653561133832673
21	3	0.648029827814791
21	9	0.13231884602133
21	13	0.0933619166918602
21	54	0
21	36	0.019443215411947
21	20	0.0944886028032751
21	46	0.0756619362406496
21	6	7.69919356149664e-05
21	44	0.0440790254620366
21	43	3.12942642045378e-05
21	51	0.289197295407532
21	24	0.0595169707680967
21	31	0.256797383604832
21	41	0.0348905928770858
21	35	0.0228787110869238
21	19	0.0161598665765556
21	39	0.138535385823449
21	49	0.340545609648653
21	23	0.120168626637309
21	22	0.136015704636323
21	21	
21	37	0.0303919696534166
21	7	0.0858318262120431
21	10	0.0604659573936088
21	27	0.0311622830900726
21	30	0.0164243135450113
21	4	0.0119218805148975
21	18	0.1183269699916
21	32	2.11522112337699e-05
21	45	0.214802954924506
21	15	0.091423252423505
21	42	0.0239773466386189
21	33	0.145428862868755
21	25	0.0654954423371309
21	1	0.105343019193665
21	16	0.398822145488785
21	17	0.698589033942651
21	2	0.442967414571894
21	14	0.122403188418711
21	47	0.393744802045388
21	38	0.0238509371963709
21	5	0.0517055355955352
21	26	0.0789244933411862
21	40	0.0427903351208703
21	28	0.157326278911551
37	11	0
37	53	0.0430511658293251
37	12	0.0043692925780175
37	50	0.0406680354822618
37	52	0.0258621000058884
37	34	0.0638949652622681
37	48	0.0273523777183061
37	8	0.0124444788033325
37	29	0.0373445877712029
37	3	0.0307425134646275
37	9	0.0745441445294688
37	13	0.0377454940828312
37	54	0
37	36	0.033097207475497
37	20	0.0498842217956426
37	46	0.0848978896174203
37	6	0.00101220254972017
37	44	0.0401550130840795
37	43	0.000141939173157248
37	51	0.0324796470142009
37	24	0.0443928281504225
37	31	0.0191265686317799
37	41	0.000224186678224563
37	35	0.0749342569943571
37	19	0.000108915179864401
37	39	0.0462627557207807
37	49	0.0304233533133214
37	23	0.0842205639718461
37	22	0.362275390354905
37	21	0.0303919696534166
37	37	
37	7	0.372336991013953
37	10	1.94775724002134e-05
37	27	0.34331644898844
37	30	0.363428942278971
37	4	0.0101533146693355
37	18	0.0408714539351263
37	32	1.77119337768226e-05
37	45	4.0140145481061e-05
37	15	0.0379610680154743
37	42	0.322116073460023
37	33	0.052327195861578
37	25	0.000203137677403516
37	1	0.0432545648749733
37	16	0.0240370801204257
37	17	0.0272452954431265
37	2	0.0323257367915842
37	14	0.0223956816750574
37	47	0.0325917455379381
37	38	0.248274171647412
37	5	0.131545388842083
37	26	0.0968972173711519
37	40	0.0721441763653904
37	28	0.0238805633299996
7	11	5.84906387846647e-05
7	53	0.129696264929336
7	12	0.076863466648877
7	50	0.0598317865760256
7	52	0.132359140839449
7	34	0.110242593274336
7	48	0.0235949567905333
7	8	0.0804160223404939
7	29	0.012717961332769
7	3	0.105468365694859
7	9	0.32932537377528
7	13	0.162752747738074
7	54	0.000243837619393196
7	36	0.0284629569297314
7	20	0.136160949822209
7	46	0.0343758805820567
7	6	0.118543408016828
7	44	0.12757556132179
7	43	0.000953060593571782
7	51	0.170829231743616
7	24	0.0789449092412297
7	31	0.0164124292018997
7	41	0.104320817038758
7	35	0.0674062862159582
7	19	0.0233630525784641
7	39	0.100480385999536
7	49	0.104576002793588
7	23	0.313018741554485
7	22	0.473883883344591
7	21	0.0858318262120431
7	37	0.372336991013953
7	7	
7	10	0.0279083884932968
7	27	0.274580702284203
7	30	0.34728481747584
7	4	0.0128550607162335
