1	1	1.0
1	2	0.348745206907
1	3	0.352330489498
1	4	0.220961613839
1	5	0.247858573772
1	6	0.130655240065
1	7	0.197676134156
1	8	0.340933956701
1	9	0.324973666555
1	10	0.203968292558
1	11	0.283383208559
1	12	0.38551187732
1	13	0.429475101502
1	14	0.0617057129378
1	15	0.226698447483
1	16	0.438216044104
1	17	0.291230310288
1	18	0.100502843483
1	19	0.0
2	1	0.348745206907
2	2	1.0
2	3	0.399971434033
2	4	0.309304524629
2	5	0.438335951679
2	6	0.0
2	7	0.277894822058
2	8	0.429453405585
2	9	0.388773505336
2	10	0.518467979572
2	11	0.285059954749
2	12	0.237105722525
2	13	0.460373931569
2	14	0.0485355637926
2	15	0.365726330601
2	16	0.358621742519
2	17	0.352653682498
2	18	0.0418328748572
2	19	0.215418454861
3	1	0.352330489498
3	2	0.399971434033
3	3	1.0
3	4	0.405383152841
3	5	0.276065762627
3	6	0.0389565836193
3	7	0.246024266433
3	8	0.30496187186
3	9	0.341376391031
3	10	0.341444424521
3	11	0.36052523005
3	12	0.205629151708
3	13	0.414034769249
3	14	0.0521514042538
3	15	0.485748722597
3	16	0.49565085778
3	17	0.389248028758
3	18	0.0423259923544
3	19	0.0426212480079
4	1	0.220961613839
4	2	0.309304524629
4	3	0.405383152841
4	4	1.0
4	5	0.277532085727
4	6	0.0353345758163
4	7	0.127514307134
4	8	0.184434958121
4	9	0.448973288534
4	10	0.464040742523
4	11	0.331058797928
4	12	0.155425565592
4	13	0.342403969323
4	14	0.0674855940534
4	15	0.362230873239
4	16	0.329823174386
4	17	0.353057499033
4	18	0.0
4	19	0.201317348639
5	1	0.247858573772
5	2	0.438335951679
5	3	0.276065762627
5	4	0.277532085727
5	5	1.0
5	6	0.034547637354
5	7	0.187976173155
5	8	0.298893245376
5	9	0.440239938329
5	10	0.465983107703
5	11	0.223805724817
5	12	0.0911784440858
5	13	0.387737000717
5	14	0.0217749421342
5	15	0.252429323145
5	16	0.254751728206
5	17	0.288552298989
5	18	0.0
5	19	0.151190200264
6	1	0.130655240065
6	2	0.0
6	3	0.0389565836193
6	4	0.0353345758163
6	5	0.034547637354
6	6	1.0
6	7	0.185009917402
6	8	0.0418280809121
6	9	0.149522768641
6	10	0.0
6	11	0.0902342600272
6	12	0.133090833122
6	13	0.0247190757596
6	14	0.0
6	15	0.074918215145
6	16	0.133084003657
6	17	0.0811859682173
6	18	0.222803625191
6	19	0.0
7	1	0.197676134156
7	2	0.277894822058
7	3	0.246024266433
7	4	0.127514307134
7	5	0.187976173155
7	6	0.185009917402
7	7	1.0
7	8	0.150947864324
7	9	0.115627086442
7	10	0.179900202165
7	11	0.166220980858
7	12	0.162759961811
7	13	0.266970624914
7	14	0.0
7	15	0.430177696454
7	16	0.210872762694
7	17	0.346946869849
7	18	0.563078340344
7	19	0.0
8	1	0.340933956701
8	2	0.429453405585
8	3	0.30496187186
8	4	0.184434958121
8	5	0.298893245376
8	6	0.0418280809121
8	7	0.150947864324
8	8	1.0
8	9	0.238250551929
8	10	0.372619363623
8	11	0.233457670824
8	12	0.294381488192
8	13	0.554893597935
8	14	0.0527274286293
8	15	0.342532094782
8	16	0.390455940507
8	17	0.313454682029
8	18	0.051079350807
8	19	0.0915257368392
9	1	0.324973666555
9	2	0.388773505336
9	3	0.341376391031
9	4	0.448973288534
9	5	0.440239938329
9	6	0.149522768641
9	7	0.115627086442
9	8	0.238250551929
9	9	1.0
9	10	0.537446733346
9	11	0.434897358686
9	12	0.284338436509
9	13	0.324948303188
9	14	0.0134631891509
9	15	0.344105725336
9	16	0.413309043666
9	17	0.426859394599
9	18	0.0515718441422
9	19	0.164294416546
10	1	0.203968292558
10	2	0.518467979572
10	3	0.341444424521
10	4	0.464040742523
10	5	0.465983107703
10	6	0.0
10	7	0.179900202165
10	8	0.372619363623
10	9	0.537446733346
10	10	1.0
10	11	0.290805161513
10	12	0.125301752071
10	13	0.566828980526
10	14	0.0179544963375
10	15	0.35557885342
10	16	0.292448788643
10	17	0.356521055925
10	18	0.0
10	19	0.282376187431
11	1	0.283383208559
11	2	0.285059954749
11	3	0.36052523005
11	4	0.331058797928
11	5	0.223805724817
11	6	0.0902342600272
11	7	0.166220980858
11	8	0.233457670824
11	9	0.434897358686
11	10	0.290805161513
11	11	1.0
11	12	0.239375360467
11	13	0.270857741293
11	14	0.0
11	15	0.26372597292
11	16	0.421158490858
11	17	0.338102426267
11	18	0.0
11	19	0.104841505914
12	1	0.38551187732
12	2	0.237105722525
12	3	0.205629151708
12	4	0.155425565592
12	5	0.0911784440858
12	6	0.133090833122
12	7	0.162759961811
12	8	0.294381488192
12	9	0.284338436509
12	10	0.125301752071
12	11	0.239375360467
12	12	1.0
12	13	0.218867302472
12	14	0.0270319822648
12	15	0.289994136722
12	16	0.402414728025
12	17	0.327458793692
12	18	0.102812839476
12	19	0.0657012875291
13	1	0.429475101502
13	2	0.460373931569
13	3	0.414034769249
13	4	0.342403969323
13	5	0.387737000717
13	6	0.0247190757596
13	7	0.266970624914
13	8	0.554893597935
13	9	0.324948303188
13	10	0.566828980526
13	11	0.270857741293
13	12	0.218867302472
13	13	1.0
13	14	0.0441188941491
13	15	0.449668241055
13	16	0.455207715855
13	17	0.355062717306
13	18	0.108439383562
13	19	0.123313803245
14	1	0.0617057129378
14	2	0.0485355637926
14	3	0.0521514042538
14	4	0.0674855940534
14	5	0.0217749421342
14	6	0.0
14	7	0.0
14	8	0.0527274286293
14	9	0.0134631891509
14	10	0.0179544963375
14	11	0.0
14	12	0.0270319822648
14	13	0.0441188941491
14	14	1.0
14	15	0.0676938351041
14	16	0.0641715897397
14	17	0.0511704966081
14	18	0.0
14	19	0.0336179032209
15	1	0.226698447483
15	2	0.365726330601
15	3	0.485748722597
15	4	0.362230873239
15	5	0.252429323145
15	6	0.074918215145
15	7	0.430177696454
15	8	0.342532094782
15	9	0.344105725336
15	10	0.35557885342
15	11	0.26372597292
15	12	0.289994136722
15	13	0.449668241055
15	14	0.0676938351041
15	15	1.0
15	16	0.453079594515
15	17	0.454352443472
15	18	0.237272588488
15	19	0.116916194357
16	1	0.438216044104
16	2	0.358621742519
16	3	0.49565085778
16	4	0.329823174386
16	5	0.254751728206
16	6	0.133084003657
16	7	0.210872762694
16	8	0.390455940507
16	9	0.413309043666
16	10	0.292448788643
16	11	0.421158490858
16	12	0.402414728025
16	13	0.455207715855
16	14	0.0641715897397
16	15	0.453079594515
16	16	1.0
16	17	0.351084362428
16	18	0.0777520661528
16	19	0.0354853522149
17	1	0.291230310288
17	2	0.352653682498
17	3	0.389248028758
17	4	0.353057499033
17	5	0.288552298989
17	6	0.0811859682173
17	7	0.346946869849
17	8	0.313454682029
17	9	0.426859394599
17	10	0.356521055925
17	11	0.338102426267
17	12	0.327458793692
17	13	0.355062717306
17	14	0.0511704966081
17	15	0.454352443472
17	16	0.351084362428
17	17	1.0
17	18	0.0
17	19	0.133234756414
18	1	0.100502843483
18	2	0.0418328748572
18	3	0.0423259923544
18	4	0.0
18	5	0.0
18	6	0.222803625191
18	7	0.563078340344
18	8	0.051079350807
18	9	0.0515718441422
18	10	0.0
18	11	0.0
18	12	0.102812839476
18	13	0.108439383562
18	14	0.0
18	15	0.237272588488
18	16	0.0777520661528
18	17	0.0
18	18	1.0
18	19	0.0
19	1	0.0
19	2	0.215418454861
19	3	0.0426212480079
19	4	0.201317348639
19	5	0.151190200264
19	6	0.0
19	7	0.0
19	8	0.0915257368392
19	9	0.164294416546
19	10	0.282376187431
19	11	0.104841505914
19	12	0.0657012875291
19	13	0.123313803245
19	14	0.0336179032209
19	15	0.116916194357
19	16	0.0354853522149
19	17	0.133234756414
19	18	0.0
19	19	1.0
